LabVIEW Measurement	
Writer_Version	2
Reader_Version	2
Separator	Tab
Decimal_Separator	,
Multi_Headings	No
X_Columns	One
Time_Pref	Absolute
Operator	Pos-Oscar
Date	2025/03/10
Time	11:17:54,1237699700584659684
***End_of_Header***	
	
Channels	30																														
Samples	1	1	1	1	1	1	1	1	1	1	1	1	1	1	1	1	1	1	1	1	1	1	1	1	1	1	1	1	1	1	
Date	2025/03/10	2025/03/10	2025/03/10	2025/03/10	2025/03/10	2025/03/10	2025/03/10	2025/03/10	2025/03/10	2025/03/10	2025/03/10	2025/03/10	2025/03/10	2025/03/10	2025/03/10	2025/03/10	2025/03/10	2025/03/10	2025/03/10	2025/03/10	2025/03/10	2025/03/10	2025/03/10	2025/03/10	2025/03/10	2025/03/10	2025/03/10	2025/03/10	2025/03/10	2025/03/10	
Time	15:46:13,92395709069025538	15:46:13,9239633279903682235	15:46:13,923782444657281256	15:46:13,9238136313906761173	15:46:13,9238448183569016221	15:46:13,9238884796905221704	15:46:13,9238572929571273092	15:46:13,9238822423904093269	15:46:13,9238323435238452915	15:46:13,9238884796905221704	15:46:13,9238635302572401527	15:46:13,9238572929571273092	15:46:13,9238760050902964834	15:46:13,9239071918236913446	15:46:13,9239383785570862058	15:46:13,9238697675573529962	15:46:13,923769970057055569	15:46:13,9237762073571684125	15:46:13,9238884796905221704	15:46:13,923769970057055569	15:46:13,9237762073571684125	15:46:13,923782444657281256	15:46:13,923782444657281256	15:46:13,9237886819573940995	15:46:13,9237949194903375867	15:46:13,9238011567904504302	15:46:13,9238323435238452915	15:46:13,923838580823958135	15:46:13,923838580823958135	15:46:13,923838580823958135	
Y_Unit_Label	Volts	Volts	Volts	Volts	Volts	Volts	Volts	Volts	Volts	Volts	Volts	Volts	Volts	Volts	Volts	Volts	Volts	Volts	Volts	Volts	Volts	Volts	Volts	Volts	Volts	Volts	Volts	Volts	Volts	Volts	
X_Dimension	Time	Time	Time	Time	Time	Time	Time	Time	Time	Time	Time	Time	Time	Time	Time	Time	Time	Time	Time	Time	Time	Time	Time	Time	Time	Time	Time	Time	Time	Time	
X0	0,0000000000000000E+0	0,0000000000000000E+0	0,0000000000000000E+0	0,0000000000000000E+0	0,0000000000000000E+0	0,0000000000000000E+0	0,0000000000000000E+0	0,0000000000000000E+0	0,0000000000000000E+0	0,0000000000000000E+0	0,0000000000000000E+0	0,0000000000000000E+0	0,0000000000000000E+0	0,0000000000000000E+0	0,0000000000000000E+0	0,0000000000000000E+0	0,0000000000000000E+0	0,0000000000000000E+0	0,0000000000000000E+0	0,0000000000000000E+0	0,0000000000000000E+0	0,0000000000000000E+0	0,0000000000000000E+0	0,0000000000000000E+0	0,0000000000000000E+0	0,0000000000000000E+0	0,0000000000000000E+0	0,0000000000000000E+0	0,0000000000000000E+0	0,0000000000000000E+0	
Delta_X	0,200000	0,200000	0,200000	0,200000	0,200000	0,200000	0,200000	0,200000	0,200000	0,200000	0,200000	0,200000	0,200000	0,200000	0,200000	0,200000	0,200000	0,200000	0,200000	0,200000	0,200000	0,200000	0,200000	0,200000	0,200000	0,200000	0,200000	0,200000	0,200000	0,200000	
***End_of_Header***																															
X_Value	PIT-A-0101	PIT-A-0301	PIT-M-0101	PIT-O-0301	PIT-W-0301	PDT-M-0101-40kPa	PDT-M-0101B-10kPa	PDT-M-0101C-3kPa	PIT-A-AUX	Model Pressure Drop	TIT-A-0101	TIT-A-0301	TIT-M-0101	TIT-O-0301	TIT-W-0301	LV-O-0X01	LV-W-0X01	LV-M-0X01	Densitometro	FT-A-0301	FT-A-0302	FT-A-0303	FT-A-0303 1	FT-O-0301	FT-O-0302	FT-O-0303	FT-W-0301	FT-W-0302	J Ar	J Água	Comment
0,000000	8,169448	8,178667	6,402570	0,408612	8,635587	-5750,573607	912,721776	-2988,155361	9,229966	935,780979	31,776923	29,440624	31,195638	28,968979	32,988714	-2,660342	1,210549	1,068021	210831,980779	41,873333	0,008546	-0,024797	0,000000	2,047151	-0,124312	-0,124313	13,872146	-0,008486	7,104755	1,778286
0,200000	8,164216	8,173258	6,382184	0,408523	8,622087	-6050,337996	911,777557	-2988,193283	9,227870	935,384439	31,775565	29,439469	31,195169	28,966875	32,985441	-2,660495	1,209125	1,068987	211130,162577	41,959401	0,008536	-0,024714	0,000000	2,046332	-0,124312	-0,124309	13,868383	-0,008079	7,134854	1,777855
0,400000	8,159125	8,168349	6,398564	0,408246	8,585572	-6254,709468	911,275270	-2988,213938	9,225935	937,116117	31,774735	29,438428	31,187928	28,968656	32,979788	-2,660766	1,205161	1,070243	211540,802914	41,994929	0,008525	-0,024587	0,000000	2,045240	-0,124310	-0,124305	13,882864	-0,007903	7,121089	1,779735
0,600000	8,154191	8,162862	6,421403	0,408969	8,578080	-6266,325390	912,193929	-2988,239330	9,224074	939,557298	31,776692	29,439413	31,180658	28,970658	32,977331	-2,660856	1,204503	1,069338	211872,941692	42,005430	0,008450	-0,024793	0,000000	2,045192	-0,124311	-0,124312	13,903787	-0,008184	7,096456	1,782383
0,800000	8,148892	8,157362	6,404912	0,410075	8,595707	-6178,868226	913,272089	-2988,214349	9,221975	941,882369	31,777434	29,441943	31,179908	28,968673	32,978224	-2,660844	1,207769	1,065389	212094,948616	42,011951	0,008680	-0,025018	0,000000	2,045859	-0,124313	-0,124318	13,923517	-0,008275	7,109034	1,784902
1,000000	8,143766	8,153468	6,375184	0,410066	8,588556	-5948,688873	913,266148	-2988,208739	9,219774	942,263240	31,772820	29,443369	31,184145	28,963713	32,980188	-2,660772	1,211072	1,062348	212310,609334	42,022414	0,008747	-0,024952	0,000000	2,046401	-0,124315	-0,124312	13,926711	-0,008254	7,136541	1,785314
1,200000	8,139112	8,149398	6,378086	0,409967	8,573093	-5670,662651	912,809920	-2988,236742	9,217720	940,168184	31,766935	29,442145	31,186054	28,962789	32,982808	-2,660597	1,212149	1,065838	212543,429060	42,033697	0,008575	-0,024772	0,000000	2,046161	-0,124315	-0,124307	13,909193	-0,008428	7,132540	1,783045
1,400000	8,134261	8,143506	6,376929	0,409877	8,577624	-5742,898092	912,599255	-2988,201333	9,215692	938,425215	31,764877	29,440493	31,184617	28,968262	32,985776	-2,660443	1,211257	1,071232	212909,233553	42,041004	0,008585	-0,024739	0,000000	2,045416	-0,124314	-0,124311	13,894677	-0,008644	7,130302	1,781155
1,600000	8,129049	8,137235	6,344514	0,409338	8,571235	-6236,312415	912,642646	-2988,162552	9,213528	939,090425	31,766770	29,440292	31,179617	28,972617	32,983698	-2,660626	1,208914	1,069868	213329,818347	42,046708	0,008611	-0,025009	0,000000	2,045732	-0,124313	-0,124321	13,900161	-0,008504	7,157759	1,781877
1,800000	8,123768	8,132169	6,318200	0,408915	8,539032	-6574,036356	912,490459	-2988,264161	9,211511	941,479808	31,770190	29,440728	31,169283	28,971933	32,975715	-2,661094	1,205661	1,067724	213667,219625	42,055998	0,008534	-0,025157	0,000000	2,046885	-0,124316	-0,124324	13,919864	-0,008021	7,180877	1,784466
2,000000	8,118566	8,127979	6,320015	0,408672	8,519978	-6405,290382	912,236623	-2988,438466	9,209826	942,242037	31,771397	29,441374	31,163596	28,969320	32,971527	-2,661233	1,203584	1,067350	213882,328366	42,067855	0,008492	-0,024903	0,000000	2,047328	-0,124319	-0,124316	13,926071	-0,007793	7,177663	1,785291
2,200000	8,113585	8,122853	6,337932	0,408389	8,526115	-6129,694069	912,194916	-2988,462822	9,208113	941,146600	31,769475	29,440992	31,170163	28,967209	32,974144	-2,661002	1,203975	1,067119	214029,013162	42,078014	0,008541	-0,024785	0,000000	2,046789	-0,124319	-0,124308	13,917089	-0,008060	7,157972	1,784105
2,400000	8,108733	8,117421	6,347927	0,408092	8,523311	-6062,893514	912,002441	-2988,344627	9,206090	941,441869	31,766934	29,438837	31,175464	28,966801	32,979206	-2,661084	1,206179	1,068170	214245,969432	42,085074	0,008644	-0,024990	0,000000	2,045748	-0,124317	-0,124306	13,919972	-0,008449	7,145331	1,784425
2,600000	8,103799	8,112856	6,351606	0,408055	8,516947	-6003,207654	911,745576	-2988,293642	9,203890	942,651460	31,766066	29,437881	31,168611	28,967730	32,983168	-2,661412	1,207515	1,069267	214478,962422	42,091256	0,008652	-0,025152	0,000000	2,045149	-0,124313	-0,124305	13,930213	-0,008480	7,139073	1,785735
2,800000	8,098846	8,108070	6,355268	0,408243	8,529747	-5872,368678	911,817490	-2988,413707	9,201777	943,068473	31,767207	29,440558	31,160338	28,968971	32,982180	-2,661448	1,207802	1,069063	214678,034548	42,098063	0,008507	-0,025009	0,000000	2,045393	-0,124308	-0,124305	13,933433	-0,008181	7,132648	1,786186
3,000000	8,093756	8,102661	6,338129	0,408094	8,536470	-5863,478824	912,132086	-2988,569768	9,199766	943,007302	31,766481	29,443984	31,162372	28,971245	32,977175	-2,661303	1,208599	1,067405	214865,002710	42,104408	0,008426	-0,024773	0,000000	2,046127	-0,124308	-0,124308	13,932618	-0,007881	7,146123	1,786120
3,200000	8,088646	8,098118	6,317382	0,407702	8,518260	-5951,042953	912,197549	-2988,620842	9,198056	943,783814	31,761920	29,443780	31,168686	28,973089	32,973321	-2,661119	1,208212	1,067347	215087,548916	42,111328	0,008556	-0,024692	0,000000	2,046905	-0,124312	-0,124314	13,939103	-0,007816	7,164168	1,786960
3,400000	8,084007	8,093712	6,319574	0,407832	8,503733	-6000,432731	911,851501	-2988,583809	9,196511	944,920326	31,757774	29,441117	31,168868	28,969789	32,973631	-2,660931	1,206779	1,068163	215390,429678	42,119359	0,008693	-0,024710	0,000000	2,047116	-0,124313	-0,124316	13,949077	-0,008205	7,159978	1,788189
3,600000	8,079506	8,087945	6,309767	0,407596	8,504230	-6117,597312	911,479234	-2988,562123	9,194568	944,237110	31,758237	29,439264	31,163578	28,963075	32,976606	-2,660929	1,206567	1,068798	215645,276618	42,125299	0,008640	-0,024776	0,000000	2,046630	-0,124312	-0,124313	13,944075	-0,008964	7,165972	1,787450
3,800000	8,074408	8,082746	6,287642	0,406748	8,491133	-6250,071392	911,527430	-2988,587735	9,192425	943,733716	31,762254	29,438935	31,157993	28,960638	32,979758	-2,661050	1,206586	1,067621	215848,868760	42,130271	0,008489	-0,024832	0,000000	2,046174	-0,124314	-0,124311	13,940274	-0,009409	7,184366	1,786906
4,000000	8,069044	8,078354	6,300678	0,406837	8,472281	-6182,064764	911,721911	-2988,598040	9,190428	945,494563	31,764845	29,439650	31,156088	28,965556	32,980057	-2,661141	1,205624	1,066785	216023,288137	42,137129	0,008489	-0,024867	0,000000	2,045981	-0,124318	-0,124317	13,954683	-0,008971	7,169144	1,788810
4,200000	8,064174	8,073154	6,316440	0,407609	8,483561	-6118,204094	911,581016	-2988,577216	9,188402	947,179347	31,763471	29,436692	31,158302	28,972207	32,977223	-2,661144	1,205353	1,069049	216235,717998	42,143834	0,008698	-0,024846	0,000000	2,045754	-0,124319	-0,124320	13,968169	-0,008263	7,150828	1,790631
4,400000	8,059600	8,067847	6,304161	0,408268	8,501605	-6233,704080	911,335974	-2988,501461	9,186277	946,569821	31,759444	29,423048	31,160506	28,973429	32,976918	-2,661086	1,207318	1,068545	216535,009760	42,148890	0,008790	-0,024793	0,000000	2,046102	-0,124318	-0,124318	13,962914	-0,008142	7,159914	1,789972
4,600000	8,054814	8,063677	6,300236	0,408643	8,483988	-6288,263244	911,313564	-2988,513106	9,184254	944,245694	31,756442	29,403894	31,157553	28,969385	32,978799	-2,661219	1,208832	1,066205	216691,468185	42,153649	0,008521	-0,024645	0,000000	2,046595	-0,124317	-0,124313	13,943497	-0,008314	7,161669	1,787460
4,800000	8,049903	8,059557	6,305825	0,408286	8,464147	-6248,178866	911,246223	-2988,715613	9,182482	943,516758	31,758045	29,393518	31,157195	28,964103	32,978334	-2,661413	1,208978	1,065536	216718,118672	42,157944	0,008221	-0,024539	0,000000	2,046316	-0,124316	-0,124312	13,937350	-0,008316	7,153892	1,786671
5,000000	8,045065	8,054257	6,301859	0,407697	8,478248	-6197,471582	911,089665	-2988,816537	9,180857	945,471572	31,761483	29,394253	31,163697	28,961103	32,975624	-2,661297	1,208268	1,066593	216755,054045	42,159417	0,008327	-0,024740	0,000000	2,045794	-0,124315	-0,124311	13,953716	-0,008198	7,153976	1,788785
5,200000	8,040104	8,049333	6,297824	0,407598	8,483447	-6015,313408	911,383231	-2988,641346	9,179138	947,236835	31,761402	29,398252	31,160313	28,962194	32,973059	-2,661287	1,205036	1,066726	216835,095368	42,160267	0,008666	-0,024956	0,000000	2,045690	-0,124318	-0,124311	13,968384	-0,007994	7,154003	1,790693
5,400000	8,035080	8,044979	6,298378	0,407733	8,467452	-5729,866431	911,945350	-2988,405146	9,177164	948,401403	31,760905	29,398946	31,149886	28,965621	32,973069	-2,661540	1,200903	1,066163	216985,100304	42,164540	0,008838	-0,025017	0,000000	2,046478	-0,124319	-0,124312	13,978017	-0,007822	7,150469	1,791951
5,600000	8,030458	8,040081	6,288346	0,407941	8,474060	-5533,833266	912,270657	-2988,369084	9,175117	949,347295	31,761492	29,379354	31,149306	28,966528	32,975752	-2,661520	1,198111	1,066575	217139,139192	42,170199	0,008762	-0,024920	0,000000	2,047343	-0,124319	-0,124312	13,986122	-0,007966	7,157862	1,792972
5,800000	8,025854	8,035043	6,281283	0,407737	8,485361	-5527,610379	911,984650	-2988,505666	9,173224	948,558871	31,757635	29,336998	31,156160	28,963968	32,978673	-2,661301	1,197104	1,064980	217321,169706	42,173916	0,008483	-0,024667	0,000000	2,047268	-0,124315	-0,124311	13,979813	-0,008292	7,162637	1,792121
6,000000	8,020979	8,030142	6,279989	0,406987	8,466109	-5637,288351	911,018496	-2988,629077	9,171351	947,209511	31,751712	29,307309	31,161086	28,964334	32,979168	-2,661146	1,198373	1,064309	217528,898964	42,175663	0,008313	-0,024482	0,000000	2,046727	-0,124312	-0,124315	13,968478	-0,008317	7,161152	1,790664
6,200000	8,016192	8,025558	6,278299	0,406823	8,448397	-5843,362506	910,695957	-2988,680145	9,169506	946,880005	31,749814	29,303952	31,158522	28,969054	32,977719	-2,661119	1,201557	1,066495	217682,730451	42,176534	0,008620	-0,024582	0,000000	2,046250	-0,124312	-0,124321	13,965524	-0,008139	7,159341	1,790308
6,400000	8,011219	8,021093	6,285045	0,407390	8,450810	-6026,758359	911,476244	-2988,672365	9,167698	947,010100	31,753671	29,294106	31,149472	28,971869	32,975955	-2,661338	1,205343	1,069166	217834,055871	42,177925	0,008966	-0,024899	0,000000	2,046074	-0,124310	-0,124320	13,966652	-0,008172	7,149412	1,790448
6,600000	8,006055	8,016511	6,285229	0,407899	8,448596	-5938,530262	911,997432	-2988,614634	9,165714	947,109975	31,758130	29,259726	31,143904	28,969412	32,973885	-2,661651	1,207520	1,069123	217993,736574	42,180000	0,008872	-0,025022	0,000000	2,046168	-0,124311	-0,124312	13,967648	-0,008326	7,146640	1,790556
6,800000	8,001215	8,011422	6,283334	0,407826	8,447558	-5702,311163	911,646922	-2988,570504	9,163707	947,148749	31,756847	29,228386	31,147841	28,964149	32,972330	-2,661735	1,206434	1,066188	218043,634286	42,181102	0,008629	-0,024947	0,000000	2,045994	-0,124316	-0,124304	13,967795	-0,008146	7,145497	1,790598
7,000000	7,996809	8,006154	6,286549	0,407494	8,460895	-5456,847410	911,284661	-2988,604576	9,161964	947,157026	31,751926	29,221040	31,152573	28,960673	32,974981	-2,661428	1,203321	1,064297	217993,147533	42,181033	0,008449	-0,024987	0,000000	2,045612	-0,124316	-0,124303	13,967654	-0,007936	7,138434	1,790607
7,200000	7,992648	8,002070	6,285845	0,407475	8,468021	-5319,787527	911,313598	-2988,574304	9,160292	947,138434	31,747693	29,219830	31,155185	28,960470	32,981304	-2,661126	1,200815	1,064539	218061,891646	42,182018	0,008478	-0,025178	0,000000	2,045432	-0,124315	-0,124309	13,967573	-0,008012	7,136138	1,790587
7,400000	7,988402	7,998174	6,268510	0,407128	8,462173	-5515,475859	911,080633	-2988,435604	9,158305	947,166786	31,746667	29,205092	31,153890	28,962639	32,983248	-2,661265	1,200234	1,066839	218274,613457	42,184811	0,008734	-0,025298	0,000000	2,045575	-0,124316	-0,124312	13,967571	-0,007770	7,150883	1,790617
7,600000	7,983712	7,993186	6,253205	0,406512	8,450253	-5908,359132	910,601836	-2988,424002	9,156085	947,220161	31,748721	29,186105	31,146000	28,965001	32,978502	-2,661469	1,201482	1,067838	218419,139166	42,186342	0,008730	-0,025100	0,000000	2,046303	-0,124315	-0,124312	13,967586	-0,007336	7,162548	1,790675
7,800000	7,978711	7,987945	6,260777	0,406862	8,431201	-6153,134360	910,627341	-2988,569553	9,154102	947,225084	31,750702	29,177927	31,144676	28,965334	32,973105	-2,661333	1,204465	1,065519	218451,782297	42,186129	0,008515	-0,024727	0,000000	2,047088	-0,124314	-0,124311	13,967592	-0,007300	7,151017	1,790680
8,000000	7,973832	7,983321	6,264125	0,407635	8,426897	-6145,201195	911,104691	-2988,690138	9,152364	947,187905	31,748909	29,178020	31,150183	28,964022	32,971918	-2,661230	1,206877	1,062808	218449,752490	42,187471	0,008582	-0,024614	0,000000	2,047251	-0,124311	-0,124308	13,967591	-0,007613	7,144387	1,790640
8,200000	7,969194	7,979035	6,266301	0,407785	8,440092	-6170,902445	910,825243	-2988,734299	9,150441	947,130629	31,745706	29,178706	31,152727	28,962139	32,974672	-2,661465	1,206265	1,064147	218442,257605	42,190255	0,008737	-0,024957	0,000000	2,046710	-0,124307	-0,124307	13,967590	-0,008094	7,139343	1,790578
8,400000	7,964827	7,974531	6,270715	0,407724	8,437624	-6276,917087	910,151139	-2988,766457	9,148355	947,088970	31,747145	29,178779	31,149858	28,960739	32,978656	-2,661746	1,203233	1,067833	218442,134790	42,191972	0,008669	-0,025256	0,000000	2,046002	-0,124309	-0,124311	13,967589	-0,008444	7,131635	1,790533
8,600000	7,960255	7,969731	6,272477	0,407344	8,431617	-6124,100816	910,672043	-2988,744778	9,146312	947,988580	31,750077	29,180527	31,143681	28,963249	32,980776	-2,661790	1,199429	1,067887	218489,380931	42,192348	0,008631	-0,025275	0,000000	2,046054	-0,124315	-0,124314	13,975007	-0,008286	7,125957	1,791505
8,800000	7,955136	7,964608	6,269348	0,407010	8,443124	-5875,248177	911,637249	-2988,668861	9,144366	949,245165	31,749226	29,183459	31,142721	28,969689	32,978760	-2,661689	1,198351	1,065659	218610,656882	42,193182	0,008644	-0,025236	0,000000	2,046619	-0,124316	-0,124316	13,985165	-0,007869	7,124996	1,792862
9,000000	7,950136	7,959801	6,249271	0,407791	8,437427	-5880,714100	911,450103	-2988,701744	9,142603	948,655666	31,744322	29,185071	31,147755	28,972829	32,975592	-2,661689	1,200379	1,063682	218742,749721	42,195619	0,008580	-0,025000	0,000000	2,046871	-0,124311	-0,124319	13,980049	-0,007713	7,141417	1,792225
9,200000	7,945783	7,955916	6,239558	0,408795	8,407694	-5989,026840	910,582744	-2988,793559	9,140792	948,153371	31,738463	29,183992	31,150715	28,969038	32,975889	-2,661663	1,202301	1,063669	218890,361470	42,198579	0,008638	-0,024769	0,000000	2,046810	-0,124311	-0,124321	13,976169	-0,008062	7,148505	1,791683
9,400000	7,941836	7,951868	6,249299	0,408556	8,396185	-6038,165218	910,249872	-2988,818022	9,138662	949,803403	31,736801	29,182964	31,148741	28,961553	32,978498	-2,661606	1,203652	1,064829	219055,497245	42,199777	0,008734	-0,024971	0,000000	2,046725	-0,124317	-0,124320	13,990572	-0,008579	7,135830	1,793464
9,600000	7,937720	7,946734	6,251171	0,407467	8,406500	-6116,491217	910,598043	-2988,821243	9,136683	951,419140	31,739047	29,183590	31,145987	28,957457	32,978591	-2,661694	1,205115	1,065882	219143,096395	42,197471	0,008742	-0,025240	0,000000	2,046281	-0,124319	-0,124317	14,004071	-0,008492	7,129414	1,795207
9,800000	7,932931	7,942112	6,240235	0,406757	8,404827	-6183,583420	910,996359	-2988,820723	9,135278	952,618985	31,741168	29,183941	31,146321	28,960797	32,975146	-2,661760	1,206383	1,065626	219250,602274	42,193457	0,008767	-0,025255	0,000000	2,045729	-0,124314	-0,124314	14,013657	-0,007994	7,135824	1,796500
10,000000	7,927837	7,938377	6,242893	0,406712	8,397838	-6052,344204	911,076332	-2988,739051	9,133830	953,627300	31,742016	29,183474	31,148183	28,966352	32,973116	-2,661742	1,206258	1,063778	219429,599975	42,190868	0,008636	-0,025282	0,000000	2,046048	-0,124310	-0,124315	14,021972	-0,007841	7,129833	1,797586
10,200000	7,923317	7,933862	6,250015	0,407225	8,405775	-5786,376783	910,930646	-2988,702866	9,131894	952,865918	31,741707	29,182527	31,145737	28,968599	32,975652	-2,661706	1,205049	1,063781	219512,897094	42,188625	0,008345	-0,025259	0,000000	2,046852	-0,124310	-0,124316	14,015751	-0,008014	7,118798	1,796766
10,400000	7,919000	7,929356	6,230938	0,407886	8,410553	-5645,172774	910,562700	-2988,836813	9,129909	951,485286	31,740128	29,181183	31,142730	28,967470	32,979499	-2,661707	1,205120	1,065202	219470,512909	42,185070	0,008326	-0,025185	0,000000	2,047237	-0,124314	-0,124314	14,004407	-0,008271	7,133363	1,795278
10,600000	7,914657	7,925040	6,215014	0,407836	8,401845	-5652,558542	910,151045	-2988,962355	9,128054	951,122418	31,738963	29,180239	31,146604	28,964518	32,980939	-2,661769	1,206813	1,066842	219451,579209	42,180901	0,008565	-0,025084	0,000000	2,046860	-0,124318	-0,124311	14,001433	-0,008348	7,145080	1,794887
10,800000	7,910487	7,919670	6,214192	0,406928	8,395520	-5813,066591	909,919349	-2988,979923	9,125976	952,190800	31,737124	29,179824	31,150513	28,962240	32,979352	-2,661857	1,207953	1,067079	219548,708244	42,176966	0,008761	-0,024903	0,000000	2,046123	-0,124320	-0,124309	14,009973	-0,007908	7,141024	1,796039
11,000000	7,906241	7,914486	6,203581	0,406171	8,390925	-6176,511311	909,735423	-2988,978586	9,123882	954,476154	31,736003	29,179928	31,147909	28,963945	32,975313	-2,661924	1,207153	1,065324	219675,434394	42,174030	0,008805	-0,024809	0,000000	2,045724	-0,124317	-0,124308	14,028545	-0,007287	7,146833	1,798501
11,200000	7,901761	7,910871	6,203878	0,406780	8,373192	-6494,377182	910,088340	-2988,976327	9,122278	955,977414	31,739554	29,182809	31,143113	28,966638	32,971250	-2,661907	1,207042	1,064892	219692,320825	42,172279	0,008781	-0,024750	0,000000	2,045555	-0,124313	-0,124313	14,041153	-0,007297	7,143153	1,800116
11,400000	7,896736	7,907094	6,225733	0,407930	8,354246	-6714,598101	910,789598	-2988,942409	9,120744	956,036023	31,741509	29,186809	31,140627	28,964460	32,970648	-2,661927	1,209329	1,065206	219592,953591	42,170099	0,008688	-0,024712	0,000000	2,045684	-0,124312	-0,124318	14,042175	-0,007827	7,117962	1,800180
11,600000	7,891777	7,901998	6,225439	0,407520	8,359332	-6884,043489	910,514941	-2988,921509	9,118801	955,733535	31,735825	29,186301	31,141059	28,960130	32,972428	-2,662145	1,211038	1,063942	219548,006670	42,164424	0,008432	-0,024809	0,000000	2,046122	-0,124312	-0,124315	14,040084	-0,008274	7,113236	1,799854
11,800000	7,887635	7,897692	6,219927	0,406301	8,374311	-6691,990644	909,675192	-2988,969174	9,116883	955,590067	31,727351	29,182073	31,144622	28,959802	32,973086	-2,662219	1,210651	1,063781	219654,433101	42,157134	0,008417	-0,024914	0,000000	2,046040	-0,124313	-0,124309	14,039111	-0,008505	7,114181	1,799700
12,000000	7,883694	7,893898	6,232176	0,406016	8,382207	-6184,067249	909,446530	-2988,991961	9,115309	955,595443	31,724890	29,178809	31,146249	28,964152	32,973916	-2,661988	1,209851	1,066435	219840,678700	42,152846	0,008706	-0,025058	0,000000	2,045730	-0,124311	-0,124311	14,039161	-0,008510	7,098472	1,799705
12,200000	7,879267	7,889312	6,219111	0,406167	8,397887	-5877,821990	909,779374	-2988,884529	9,113636	955,639824	31,728915	29,178694	31,141518	28,968813	32,974949	-2,661890	1,210919	1,066599	220024,471767	42,148759	0,008818	-0,025413	0,000000	2,046614	-0,124313	-0,124314	14,039370	-0,008346	7,106866	1,799753
12,400000	7,874618	7,884904	6,193005	0,406537	8,403292	-6040,811968	910,195822	-2988,839827	9,111719	955,689481	31,732650	29,181210	31,138221	28,969523	32,971283	-2,662058	1,212423	1,063948	220100,562977	42,142661	0,008720	-0,025567	0,000000	2,047528	-0,124318	-0,124318	14,039438	-0,007997	7,127989	1,799807
12,600000	7,870149	7,880075	6,185104	0,406867	8,368253	-6472,590718	910,133868	-2989,035551	9,109714	955,695810	31,732574	29,183337	31,139537	28,965671	32,964924	-2,662315	1,211731	1,063579	220061,115411	42,137006	0,008675	-0,025445	0,000000	2,046921	-0,124320	-0,124320	14,039422	-0,007928	7,130977	1,799813
12,800000	7,865936	7,874655	6,179404	0,406544	8,324676	-6795,794921	909,478455	-2989,243794	9,107464	956,515848	31,728267	29,182976	31,141227	28,961324	32,964029	-2,662411	1,210902	1,063473	219975,712977	42,132063	0,008716	-0,025445	0,000000	2,046023	-0,124320	-0,124318	14,046820	-0,008447	7,131495	1,800696
13,000000	7,861912	7,870377	6,174244	0,406463	8,312812	-6756,823202	909,073897	-2989,265288	9,105372	957,668355	31,723485	29,181570	31,142223	28,960880	32,970663	-2,662399	1,210841	1,063245	219891,796023	42,129525	0,008650	-0,025347	0,000000	2,045525	-0,124321	-0,124313	14,056974	-0,008938	7,132814	1,801935
13,200000	7,857700	7,866783	6,189762	0,406947	8,322801	-6520,727003	909,448242	-2989,127933	9,103940	957,056712	31,723612	29,181692	31,140406	28,962091	32,977984	-2,662533	1,211212	1,063761	219900,364826	42,128928	0,008451	-0,025156	0,000000	2,045424	-0,124318	-0,124312	14,051860	-0,008952	7,114355	1,801278
13,400000	7,853148	7,862613	6,203723	0,407392	8,337104	-6467,215546	909,876226	-2988,971636	9,102791	956,616243	31,726643	29,183693	31,134953	28,962130	32,979038	-2,662562	1,210958	1,064054	219999,090061	42,124927	0,008339	-0,025175	0,000000	2,045764	-0,124312	-0,124316	14,047982	-0,008768	7,096346	1,800804
13,600000	7,848653	7,858738	6,202436	0,407769	8,355126	-6478,939384	909,929750	-2988,951964	9,101318	958,324154	31,726710	29,185107	31,133158	28,963295	32,974265	-2,662265	1,208740	1,065250	220065,309973	42,116922	0,008416	-0,025130	0,000000	2,046101	-0,124314	-0,124318	14,062385	-0,008853	7,093081	1,802640
13,800000	7,844301	7,854772	6,200796	0,408069	8,368078	-6453,178139	909,717939	-2989,043448	9,099367	959,020471	31,723540	29,183449	31,139152	28,966076	32,968917	-2,661913	1,207643	1,066361	220074,236445	42,108948	0,008507	-0,025011	0,000000	2,046210	-0,124320	-0,124318	14,068467	-0,009101	7,090355	1,803389
14,000000	7,839991	7,849658	6,182093	0,408282	8,361237	-6756,850038	909,170461	-2989,153255	9,097181	957,168569	31,719714	29,180163	31,143307	28,964750	32,967692	-2,661911	1,207790	1,065598	220091,085216	42,101803	0,008482	-0,025089	0,000000	2,045990	-0,124321	-0,124321	14,053059	-0,009214	7,103709	1,801398
14,200000	7,835778	7,845342	6,163444	0,407998	8,333542	-7132,495838	908,829559	-2989,219476	9,095061	955,460359	31,718826	29,178497	31,139493	28,958901	32,969409	-2,662217	1,207230	1,063702	220121,810008	42,094855	0,008419	-0,025229	0,000000	2,045785	-0,124321	-0,124317	14,038758	-0,009239	7,117527	1,799560
14,400000	7,831375	7,841872	6,181157	0,407046	8,309901	-7098,624823	909,138261	-2989,194234	9,093284	956,070688	31,722404	29,138066	31,132622	28,956563	32,971053	-2,662464	1,206840	1,063957	220126,565099	42,089562	0,008468	-0,025288	0,000000	2,045885	-0,124322	-0,124309	14,043907	-0,009268	7,097065	1,800217
14,600000	7,826595	7,837247	6,186098	0,406228	8,317217	-7012,966024	909,514917	-2989,153186	9,091717	958,425320	31,724745	29,041378	31,130012	28,960518	32,969848	-2,662700	1,207258	1,064696	220067,790342	42,083694	0,008725	-0,025293	0,000000	2,045876	-0,124317	-0,124307	14,063445	-0,009065	7,089727	1,802749
14,800000	7,821676	7,832915	6,150569	0,406317	8,333160	-7110,545680	909,413775	-2989,159390	9,090104	960,080752	31,721878	28,954582	31,134175	28,965865	32,966136	-2,662846	1,207380	1,063304	220054,724343	42,072073	0,008870	-0,025353	0,000000	2,045932	-0,124310	-0,124313	14,077074	-0,008828	7,121738	1,804528
15,000000	7,817193	7,829111	6,149374	0,407095	8,323188	-7121,575372	909,167737	-2989,171666	9,088383	960,207952	31,716672	28,906013	31,139967	28,967423	32,967193	-2,662574	1,206636	1,063235	220143,705503	42,054783	0,008704	-0,025477	0,000000	2,046607	-0,124314	-0,124320	14,078284	-0,008973	7,118237	1,804664
15,200000	7,813366	7,824375	6,168957	0,407351	8,309832	-7064,828917	908,880233	-2989,273562	9,086516	959,931181	31,713377	28,872008	31,138019	28,964854	32,971745	-2,662270	1,206956	1,064944	220166,563005	42,036762	0,008527	-0,025399	0,000000	2,047220	-0,124320	-0,124322	14,076063	-0,009069	7,092674	1,804367
15,400000	7,809580	7,820266	6,157630	0,407039	8,317611	-7153,863137	908,548510	-2989,458026	9,084799	958,947588	31,713121	28,835833	31,136254	28,960152	32,972750	-2,662212	1,208437	1,065454	220103,564403	42,022042	0,008537	-0,025228	0,000000	2,046842	-0,124321	-0,124316	14,067587	-0,008832	7,098943	1,803310
15,600000	7,805240	7,816608	6,161453	0,406840	8,313437	-7270,818977	908,602338	-2989,433657	9,083224	957,777242	31,714064	28,801527	31,142941	28,957566	32,970671	-2,662228	1,209112	1,065516	220050,927945	42,011604	0,008543	-0,025331	0,000000	2,045912	-0,124319	-0,124309	14,057473	-0,008525	7,091419	1,802052
15,800000	7,800570	7,811821	6,176952	0,406668	8,287564	-7207,244620	908,954312	-2989,187328	9,081545	958,433065	31,713946	28,777666	31,141937	28,959670	32,967952	-2,662557	1,208160	1,066364	220029,896601	42,002847	0,008513	-0,025581	0,000000	2,045277	-0,124317	-0,124310	14,062813	-0,008368	7,071301	1,802757
16,000000	7,796349	7,807318	6,164682	0,406805	8,284186	-7050,632117	908,990046	-2989,046598	9,079909	959,771994	31,714198	28,762415	31,132600	28,962684	32,965968	-2,662941	1,207407	1,066027	220027,895917	41,993428	0,008687	-0,025724	0,000000	2,045211	-0,124316	-0,124317	14,074184	-0,008523	7,078361	1,804196
16,200000	7,792522	7,803648	6,149341	0,407253	8,302105	-6876,223732	909,013698	-2989,126705	9,078308	960,098274	31,715494	28,758539	31,128662	28,963169	32,966618	-2,662786	1,208830	1,063973	219979,514899	41,984578	0,008749	-0,025672	0,000000	2,045747	-0,124317	-0,124322	14,077340	-0,008947	7,089119	1,804546
16,400000	7,788452	7,799282	6,152866	0,406941	8,302801	-6657,865585	909,256815	-2989,251743	9,076496	959,938640	31,713293	28,761293	31,133774	28,961459	32,968962	-2,662438	1,210094	1,062174	219863,589610	41,976872	0,008456	-0,025375	0,000000	2,046500	-0,124317	-0,124321	14,076280	-0,009224	7,080853	1,804375
16,600000	7,784140	7,794892	6,155811	0,406070	8,295853	-6403,251603	909,020126	-2989,249727	9,074591	959,839315	31,707553	28,760579	31,141896	28,961879	32,969515	-2,662320	1,209325	1,063394	219799,989323	41,970111	0,008272	-0,025171	0,000000	2,046861	-0,124316	-0,124314	14,075270	-0,009045	7,073465	1,804268
16,800000	7,780015	7,791328	6,146771	0,405925	8,300264	-6250,406294	908,698837	-2989,168671	9,072868	959,843462	31,704683	28,758416	31,143415	28,964789	32,969072	-2,662418	1,207029	1,065873	219905,273818	41,964156	0,008401	-0,025404	0,000000	2,046518	-0,124315	-0,124313	14,075104	-0,008845	7,078634	1,804273
17,000000	7,776063	7,787186	6,130634	0,406408	8,296161	-6323,735545	909,010045	-2989,137060	9,071144	959,865018	31,709311	28,759565	31,136540	28,965452	32,968725	-2,662608	1,205566	1,065732	220106,804259	41,957256	0,008535	-0,025684	0,000000	2,045991	-0,124314	-0,124318	14,075241	-0,008801	7,089974	1,804296
17,200000	7,771958	7,782960	6,125107	0,406583	8,272891	-6335,120090	909,408769	-2989,160814	9,069329	959,904086	31,717009	28,761234	31,127279	28,963507	32,967209	-2,662698	1,206540	1,064798	220236,874048	41,949146	0,008499	-0,025644	0,000000	2,045885	-0,124317	-0,124319	14,075324	-0,008557	7,090432	1,804338
17,400000	7,767591	7,778852	6,130943	0,406040	8,257577	-6190,223127	909,392739	-2989,206263	9,067605	959,953493	31,717576	28,760853	31,125343	28,960568	32,965186	-2,662598	1,207786	1,064291	220194,994959	41,941552	0,008451	-0,025473	0,000000	2,046030	-0,124322	-0,124315	14,075328	-0,008147	7,079981	1,804391
17,600000	7,763276	7,774026	6,122735	0,405517	8,258514	-6234,378554	909,164799	-2989,310766	9,065902	960,853978	31,709614	28,759544	31,131137	28,958094	32,966432	-2,662441	1,208102	1,063491	220035,422289	41,935184	0,008574	-0,025391	0,000000	2,046006	-0,124321	-0,124311	14,082730	-0,008011	7,083341	1,805358
17,800000	7,759432	7,770314	6,114056	0,405439	8,250411	-6338,475353	908,935539	-2989,323027	9,064136	962,008345	31,702485	28,758503	31,139975	28,957712	32,972406	-2,662414	1,207522	1,063089	219933,855754	41,929940	0,008643	-0,025345	0,000000	2,045704	-0,124314	-0,124311	14,092882	-0,008503	7,088338	1,806597
18,000000	7,755722	7,767441	6,122550	0,405364	8,244858	-6137,021482	908,781686	-2989,134372	9,062499	961,319785	31,702089	28,758333	31,143472	28,960206	32,975947	-2,662441	1,208241	1,062889	219923,858234	41,924785	0,008540	-0,025224	0,000000	2,045782	-0,124313	-0,124313	14,087767	-0,009149	7,076764	1,805858
18,200000	7,751549	7,762625	6,124611	0,405315	8,262616	-6014,901528	908,688051	-2989,078146	9,060938	959,947323	31,704248	28,759187	31,133592	28,963365	32,971840	-2,662514	1,210562	1,062834	219928,039094	41,916996	0,008444	-0,025078	0,000000	2,046274	-0,124319	-0,124318	14,076471	-0,009342	7,069250	1,804384
18,400000	7,746850	7,756976	6,111265	0,405691	8,268073	-6257,202761	908,860380	-2989,290165	9,059056	959,566550	31,704668	28,761013	31,125718	28,963657	32,964141	-2,662577	1,211036	1,063069	219929,448351	41,907728	0,008349	-0,024986	0,000000	2,046479	-0,124324	-0,124320	14,073299	-0,009359	7,076169	1,803975
18,600000	7,742414	7,753308	6,109996	0,406129	8,245474	-6327,884941	909,210483	-2989,429025	9,057108	959,688032	31,702599	28,762447	31,130219	28,962436	32,959988	-2,662543	1,210230	1,064135	219925,643463	41,902694	0,008292	-0,024932	0,000000	2,046246	-0,124323	-0,124315	14,074338	-0,009381	7,073686	1,804106
18,800000	7,738737	7,750193	6,110867	0,406086	8,236653	-6140,279402	908,911955	-2989,422824	9,055441	959,819166	31,699183	28,759696	31,134801	28,961630	32,962804	-2,662561	1,209805	1,064812	219936,031530	41,900368	0,008342	-0,024941	0,000000	2,045626	-0,124320	-0,124314	14,075344	-0,009288	7,070077	1,804247
19,000000	7,734943	7,745462	6,097644	0,405805	8,244479	-6059,127964	908,312410	-2989,373346	9,053802	959,837617	31,698445	28,756131	31,131101	28,960221	32,968467	-2,662550	1,209965	1,063104	219981,032479	41,894133	0,008460	-0,025175	0,000000	2,045050	-0,124319	-0,124318	14,075512	-0,009302	7,078377	1,804266
19,200000	7,730621	7,740861	6,103027	0,405420	8,231118	-6034,871813	908,480247	-2989,245379	9,052110	959,801787	31,700414	28,757786	31,125610	28,960459	32,970915	-2,662490	1,211375	1,063702	220039,387252	41,884788	0,008560	-0,025465	0,000000	2,045108	-0,124320	-0,124320	14,075377	-0,009467	7,067528	1,804228
19,400000	7,726364	7,737226	6,111549	0,405330	8,218665	-6083,756713	909,105326	-2989,151035	9,050583	959,791091	31,701821	28,761319	31,125869	28,964360	32,968921	-2,662565	1,213965	1,065406	220093,158958	41,877341	0,008627	-0,025408	0,000000	2,045577	-0,124320	-0,124321	14,075294	-0,009474	7,054770	1,804217
19,600000	7,722390	7,733501	6,093060	0,405745	8,234483	-6251,818588	909,313054	-2989,149769	9,049091	959,830935	31,699835	28,762458	31,129197	28,966987	32,965321	-2,662682	1,216025	1,065040	220156,811352	41,871701	0,008641	-0,025206	0,000000	2,045977	-0,124319	-0,124323	14,075290	-0,009136	7,069268	1,804259
19,800000	7,718619	7,729988	6,090009	0,406205	8,237989	-6206,001269	908,965312	-2989,174260	9,047337	958,985743	31,695134	28,762564	31,131021	28,964539	32,964257	-2,662675	1,215015	1,064207	220229,240719	41,864567	0,008519	-0,025190	0,000000	2,046395	-0,124319	-0,124325	14,067887	-0,008812	7,068300	1,803351
20,000000	7,714822	7,726116	6,110340	0,406279	8,220611	-6066,255508	908,649505	-2989,291645	9,045410	957,758131	31,692585	28,762304	31,129707	28,959639	32,967137	-2,662639	1,212671	1,062888	220243,575773	41,855979	0,008364	-0,025190	0,000000	2,046707	-0,124325	-0,124325	14,057736	-0,008947	7,043452	1,802032
20,200000	7,710828	7,721600	6,103032	0,405858	8,220248	-6261,550913	908,472332	-2989,471875	9,043544	958,344030	31,692335	28,759609	31,129950	28,956627	32,967706	-2,662764	1,211767	1,063025	220168,923322	41,846986	0,008222	-0,025023	0,000000	2,046137	-0,124328	-0,124319	14,062851	-0,009153	7,045610	1,802662
20,400000	7,706615	7,717867	6,090619	0,405338	8,221675	-6440,894273	908,403554	-2989,502518	9,041903	959,697847	31,691475	28,757082	31,134552	28,957308	32,962729	-2,662960	1,212137	1,063556	220099,850434	41,838218	0,008318	-0,024937	0,000000	2,045372	-0,124320	-0,124315	14,074146	-0,009107	7,053628	1,804116
20,600000	7,702277	7,714172	6,112855	0,404867	8,210039	-6266,866850	908,536593	-2989,338631	9,040215	960,060282	31,689992	28,758044	31,137558	28,960672	32,959332	-2,662886	1,213088	1,063504	220116,976791	41,831121	0,008691	-0,025145	0,000000	2,045521	-0,124307	-0,124314	14,077319	-0,009244	7,027409	1,804506
20,800000	7,698181	7,709443	6,111579	0,404786	8,218832	-6148,033112	908,639773	-2989,218135	9,038101	959,900425	31,688958	28,759229	31,131850	28,964399	32,961591	-2,662769	1,213894	1,063418	220154,862304	41,824509	0,008711	-0,025230	0,000000	2,045977	-0,124304	-0,124314	14,076279	-0,009543	7,023577	1,804334
21,000000	7,694376	7,705292	6,080269	0,405191	8,234776	-6281,720740	908,711616	-2989,313678	9,035913	958,895273	31,688088	28,759358	31,124667	28,965658	32,966581	-2,662852	1,214370	1,063522	220134,558979	41,817468	0,008381	-0,024998	0,000000	2,046452	-0,124315	-0,124314	14,067857	-0,009539	7,049960	1,803254
21,200000	7,690576	7,701900	6,076423	0,405450	8,218834	-6357,231459	908,771962	-2989,474722	9,034228	956,813879	31,686186	28,759880	31,130328	28,962886	32,970414	-2,662705	1,213863	1,063435	220102,148828	41,811480	0,008288	-0,024784	0,000000	2,046582	-0,124324	-0,124316	14,050113	-0,009241	7,050155	1,801016
21,400000	7,686605	7,697919	6,078497	0,405560	8,203599	-6332,329459	908,433121	-2989,550759	9,033106	955,368746	31,682092	28,759048	31,140367	28,958498	32,970373	-2,662510	1,213080	1,063197	220110,886335	41,804971	0,008492	-0,024991	0,000000	2,046165	-0,124321	-0,124320	14,037789	-0,009039	7,044014	1,799461
21,600000	7,682619	7,693356	6,073104	0,405544	8,214854	-6309,743369	907,788170	-2989,551916	9,031906	955,238422	31,680118	28,757117	31,142794	28,958413	32,966195	-2,662708	1,212893	1,063159	220144,762982	41,796452	0,008625	-0,025601	0,000000	2,045903	-0,124314	-0,124322	14,036709	-0,009053	7,044355	1,799321
21,800000	7,678573	7,689058	6,078706	0,405660	8,209376	-6255,388364	907,940780	-2989,498110	9,030190	955,465274	31,684245	28,758277	31,140116	28,962043	32,961670	-2,663024	1,212124	1,062323	220192,687633	41,788981	0,008537	-0,025859	0,000000	2,045549	-0,124313	-0,124319	14,038723	-0,009163	7,033935	1,799565
22,000000	7,674354	7,685680	6,070624	0,405820	8,185595	-6348,919906	908,784554	-2989,442170	9,028116	956,449703	31,687320	28,761564	31,135293	28,961081	32,961003	-2,663137	1,211279	1,061837	220238,308549	41,783644	0,008445	-0,025573	0,000000	2,045293	-0,124316	-0,124318	14,047096	-0,009278	7,038155	1,800625
22,200000	7,670292	7,682525	6,055141	0,405621	8,186150	-6557,674446	908,833166	-2989,455544	9,025992	958,562902	31,684221	28,762494	31,134939	28,956338	32,964043	-2,663022	1,209052	1,063733	220210,425637	41,777572	0,008402	-0,025174	0,000000	2,045659	-0,124319	-0,124320	14,064630	-0,009098	7,050003	1,802897
22,400000	7,666496	7,678060	6,073026	0,405454	8,193176	-6512,861503	908,217761	-2989,581418	9,024222	959,181191	31,678111	28,761876	31,140727	28,955745	32,967070	-2,662861	1,202737	1,064541	220072,269596	41,768571	0,008408	-0,024908	0,000000	2,045858	-0,124318	-0,124323	14,069470	-0,008758	7,027158	1,803561
22,600000	7,662777	7,672949	6,085866	0,405087	8,186062	-6295,439526	907,874367	-2989,662009	9,022729	957,207706	31,674340	28,761422	31,141109	28,960259	32,968120	-2,662855	1,195534	1,063081	219960,497687	41,758287	0,008533	-0,024972	0,000000	2,045625	-0,124313	-0,124322	14,052990	-0,008817	7,008557	1,801440
22,800000	7,658837	7,669290	6,063994	0,404676	8,189899	-6279,015481	907,826854	-2989,502417	9,021176	955,462006	31,676310	28,759602	31,133018	28,965728	32,966767	-2,662942	1,195468	1,062081	220000,735552	41,751047	0,008561	-0,025245	0,000000	2,045637	-0,124311	-0,124323	14,038536	-0,009004	7,025957	1,799562
23,000000	7,654557	7,666260	6,055848	0,404862	8,198673	-6349,518133	907,908440	-2989,356055	9,019607	956,102881	31,681235	28,757037	31,124344	28,966743	32,961546	-2,662998	1,203590	1,061740	220079,184909	41,745900	0,008426	-0,025378	0,000000	2,045957	-0,124313	-0,124325	14,043839	-0,008930	7,030608	1,800251
23,200000	7,650308	7,662390	6,064411	0,405481	8,194368	-6201,274251	908,220207	-2989,545017	9,018011	958,466393	31,683243	28,757271	31,124317	28,962313	32,955960	-2,663001	1,210215	1,063552	220093,175225	41,738599	0,008329	-0,025345	0,000000	2,046411	-0,124319	-0,124325	14,063463	-0,008739	7,017695	1,802793
23,400000	7,646393	7,658222	6,068622	0,405990	8,191529	-6041,630674	908,490091	-2989,768614	9,016179	959,237637	31,679818	28,758952	31,134513	28,958143	32,955532	-2,662870	1,211195	1,064858	220096,258012	41,728609	0,008312	-0,025356	0,000000	2,046655	-0,124325	-0,124325	14,069677	-0,008491	7,008647	1,803622
23,600000	7,642755	7,654214	6,071483	0,405968	8,185815	-6129,968361	908,227245	-2989,716743	9,014341	957,283185	31,674177	28,758562	31,141220	28,957759	32,960464	-2,662874	1,210581	1,062548	220109,222151	41,718635	0,008270	-0,025344	0,000000	2,046162	-0,124326	-0,124324	14,053295	-0,008489	7,001049	1,801521
23,800000	7,639372	7,650749	6,065894	0,405735	8,170063	-6168,180800	907,786890	-2989,550460	9,012814	956,387541	31,671487	28,757838	31,136521	28,959162	32,966544	-2,663193	1,210848	1,060703	220099,192408	41,710702	0,008215	-0,025316	0,000000	2,045511	-0,124322	-0,124324	14,046025	-0,008729	7,002360	1,800558
24,000000	7,635984	7,647731	6,063214	0,405713	8,175300	-5966,606618	907,798629	-2989,437400	9,011398	958,206696	31,672614	28,759407	31,129876	28,959925	32,969177	-2,663269	1,211811	1,063519	220058,313229	41,702538	0,008357	-0,025403	0,000000	2,045389	-0,124316	-0,124323	14,061381	-0,008833	7,001010	1,802514
24,200000	7,632010	7,643776	6,061812	0,405209	8,200680	-5916,464615	908,137296	-2989,458068	9,009783	959,069806	31,672630	28,761893	31,132468	28,960634	32,966446	-2,663045	1,212055	1,064950	220052,774487	41,692593	0,008465	-0,025368	0,000000	2,045739	-0,124315	-0,124318	14,068479	-0,008700	6,997525	1,803442
24,400000	7,627602	7,639042	6,045503	0,404301	8,196364	-6163,105294	907,983409	-2989,627060	9,007856	957,287417	31,667254	28,761611	31,140518	28,962035	32,960550	-2,663049	1,210737	1,062267	220125,438155	41,682564	0,008223	-0,025058	0,000000	2,046142	-0,124316	-0,124318	14,053261	-0,008418	7,008409	1,801526
24,600000	7,623579	7,635461	6,047051	0,404574	8,161748	-6261,984552	907,474720	-2989,754852	9,005878	955,550980	31,660699	28,758571	31,142307	28,960028	32,957181	-2,663243	1,208809	1,061783	220156,254106	41,673916	0,008118	-0,024813	0,000000	2,046034	-0,124320	-0,124320	14,038830	-0,008551	7,002617	1,799658
24,800000	7,620177	7,632542	6,062447	0,405134	8,154071	-6123,946175	907,324566	-2989,720074	9,004070	955,202476	31,660463	28,756692	31,138534	28,953546	32,958146	-2,663264	1,208235	1,063172	220056,189892	41,665814	0,008333	-0,024937	0,000000	2,045633	-0,124324	-0,124319	14,036477	-0,009123	6,983558	1,799282
25,000000	7,616804	7,628830	6,043504	0,404369	8,174599	-6172,079721	907,660798	-2989,671336	9,002291	955,404116	31,664341	28,758159	31,135842	28,950145	32,960436	-2,663209	1,209013	1,063651	219922,268011	41,655509	0,008472	-0,025173	0,000000	2,045563	-0,124324	-0,124316	14,038434	-0,009387	6,997525	1,799500
25,200000	7,612999	7,624652	6,031985	0,403680	8,167364	-6366,692963	908,217059	-2989,659704	9,000593	955,568946	31,666298	28,760983	31,133735	28,954639	32,960282	-2,663325	1,210524	1,064172	219865,297496	41,643012	0,008569	-0,025401	0,000000	2,045621	-0,124317	-0,124317	14,039617	-0,009188	7,003388	1,799677
25,400000	7,609009	7,620394	6,063861	0,404302	8,143269	-6271,062501	908,262030	-2989,627173	8,999176	956,487242	31,665456	28,760957	31,132850	28,961804	32,958561	-2,663337	1,212985	1,063897	219954,779910	41,632157	0,008642	-0,025683	0,000000	2,045702	-0,124314	-0,124319	14,047089	-0,008956	6,966446	1,800665
25,600000	7,605271	7,616945	6,074823	0,405490	8,159807	-6021,971931	907,752314	-2989,522043	8,997644	957,663978	31,662212	28,756578	31,135545	28,963580	32,961168	-2,663105	1,214096	1,062073	220139,837349	41,624463	0,008494	-0,025661	0,000000	2,046175	-0,124316	-0,124319	14,057035	-0,009036	6,951725	1,801931
25,800000	7,601938	7,614103	6,039305	0,405973	8,194081	-6070,086946	907,413904	-2989,519775	8,995606	957,018931	31,658845	28,744085	31,135902	28,959573	32,966615	-2,663041	1,213198	1,061981	220221,798173	41,616496	0,008259	-0,025374	0,000000	2,046305	-0,124319	-0,124317	14,051830	-0,009239	6,983518	1,801237
26,000000	7,598509	7,609962	6,016649	0,405531	8,179242	-6292,753091	907,289500	-2989,777692	8,993644	955,663927	31,658392	28,724859	31,136122	28,954811	32,967562	-2,663311	1,211827	1,063239	220173,879207	41,604677	0,008269	-0,025273	0,000000	2,045631	-0,124324	-0,124316	14,040542	-0,009316	7,001201	1,799779
26,200000	7,594566	7,605217	6,028848	0,405130	8,133454	-6262,213418	907,253871	-2989,930568	8,992255	955,296845	31,659540	28,713265	31,142130	28,953559	32,962280	-2,663457	1,209871	1,063615	220051,075876	41,590455	0,008588	-0,025288	0,000000	2,045057	-0,124327	-0,124317	14,037390	-0,009244	6,983197	1,799384
26,400000	7,590647	7,601467	6,035399	0,404923	8,124301	-5953,683119	907,484916	-2989,736054	8,990842	955,451061	31,658412	28,713485	31,140485	28,956123	32,956732	-2,663469	1,207622	1,063815	219872,678104	41,578392	0,008849	-0,025282	0,000000	2,044874	-0,124324	-0,124315	14,038436	-0,008995	6,971570	1,799550
26,600000	7,587126	7,597951	6,031204	0,404672	8,141303	-5799,537170	907,633386	-2989,477298	8,988943	955,600289	31,656794	28,715667	31,129904	28,959640	32,955369	-2,663606	1,205633	1,063456	219793,120159	41,568821	0,008652	-0,025328	0,000000	2,045135	-0,124319	-0,124313	14,039439	-0,008747	6,970976	1,799711
26,800000	7,583588	7,594195	6,026629	0,405062	8,132768	-5911,520765	907,761004	-2989,467058	8,987129	955,628956	31,656512	28,716309	31,125782	28,960620	32,956828	-2,663603	1,205445	1,061343	219883,883571	41,558674	0,008265	-0,025295	0,000000	2,045779	-0,124322	-0,124317	14,039605	-0,008672	6,970656	1,799742
27,000000	7,579638	7,587740	6,027895	0,405612	8,116365	-5985,439474	908,040067	-2989,643754	8,985630	955,599323	31,652539	28,716989	31,130779	28,957337	32,960221	-2,663407	1,206995	1,060341	220009,843891	41,547089	0,008149	-0,025146	0,000000	2,046221	-0,124325	-0,124319	14,039470	-0,008786	6,962311	1,799710
27,200000	7,575265	7,571900	6,036398	0,405179	8,131355	-5981,984753	907,559539	-2989,775420	8,984039	954,693258	31,646496	28,715568	31,137994	28,955120	32,963124	-2,663145	1,207700	1,062741	220052,674000	41,538095	0,008241	-0,025237	0,000000	2,046310	-0,124322	-0,124318	14,031970	-0,008890	6,939728	1,798734
27,400000	7,569578	7,548042	6,064730	0,404909	8,199861	-5989,166887	906,927406	-2989,702572	8,982368	952,597176	31,646429	28,713314	31,139362	28,958465	32,963657	-2,662932	1,208098	1,064454	220014,945478	41,545802	0,008372	-0,025458	0,000000	2,046131	-0,124317	-0,124319	14,014391	-0,008912	6,893935	1,796477
27,600000	7,561325	7,530295	6,177554	0,405994	8,370493	-6115,947561	907,735535	-2989,347659	8,980908	951,109669	31,654592	28,714379	31,134256	28,962534	32,963988	-2,662707	1,209815	1,063847	219960,922691	41,587941	0,008512	-0,025502	0,000000	2,046069	-0,124314	-0,124317	14,001946	-0,008968	6,777997	1,794873
27,800000	7,551163	7,526253	6,361442	0,407441	8,624275	-6462,185263	909,486463	-2988,890625	8,979610	950,980168	31,664958	28,717817	31,129468	28,962501	32,964810	-2,662342	1,212357	1,061463	219955,315440	41,658816	0,008715	-0,025488	0,000000	2,046630	-0,124313	-0,124311	14,000790	-0,008901	6,616333	1,794733
28,000000	7,540857	7,527203	6,531453	0,407595	8,828735	-6829,194610	910,599042	-2988,664828	8,978349	951,244451	31,669439	28,720541	31,131163	28,959498	32,965405	-2,662023	1,213180	1,060009	219919,689216	41,717362	0,008998	-0,025099	0,000000	2,047173	-0,124312	-0,124305	14,002799	-0,008689	6,476508	1,795018
28,200000	7,531516	7,526082	6,654458	0,406607	8,927399	-6906,705657	910,679226	-2988,742546	8,977051	951,365443	31,665952	28,721110	31,139536	28,956587	32,968052	-2,661740	1,211520	1,062449	219808,933906	41,728059	0,009175	-0,024421	0,000000	2,046730	-0,124310	-0,124304	14,003769	-0,008640	6,373209	1,795149
28,400000	7,523491	7,522552	6,745380	0,406175	8,999580	-6763,526616	910,289402	-2988,800941	8,975339	951,357444	31,660433	28,719533	31,150712	28,956928	32,974601	-2,661429	1,211268	1,065011	219780,605998	41,703482	0,009148	-0,024212	0,000000	2,046169	-0,124307	-0,124305	14,003733	-0,008672	6,292209	1,795140
28,600000	7,516490	7,515477	6,815849	0,406912	9,070045	-6727,657667	909,899614	-2988,663925	8,973397	950,479609	31,658724	28,717665	31,154830	28,960544	32,979582	-2,661282	1,213045	1,066561	219820,429183	41,678579	0,009118	-0,024482	0,000000	2,046566	-0,124301	-0,124307	13,996113	-0,008433	6,226592	1,794193
28,800000	7,510100	7,510693	6,834801	0,407735	9,101752	-6731,979103	909,853050	-2988,517118	8,971916	949,296313	31,659508	28,716611	31,146778	28,963110	32,977780	-2,661351	1,214847	1,067034	219749,783391	41,671993	0,009235	-0,024755	0,000000	2,047380	-0,124301	-0,124308	13,985887	-0,008160	6,206879	1,792917
29,000000	7,504097	7,509105	6,830642	0,407656	9,122579	-6440,124076	910,334959	-2988,519693	8,970652	949,907638	31,660860	28,716641	31,141977	28,963832	32,972594	-2,661165	1,215975	1,067009	219577,129920	41,681444	0,009277	-0,024648	0,000000	2,047960	-0,124307	-0,124305	13,991017	-0,008148	6,210328	1,793576
29,200000	7,498233	7,503476	6,846421	0,407236	9,149512	-5974,825889	911,328915	-2988,599004	8,969027	951,218236	31,660714	28,718514	31,147101	28,963939	32,970164	-2,660773	1,215829	1,065352	219408,638120	41,690784	0,009097	-0,024238	0,000000	2,047976	-0,124312	-0,124302	14,002333	-0,008442	6,195163	1,794990
29,400000	7,492763	7,496465	6,835284	0,407237	9,154295	-5847,883050	911,922587	-2988,590625	8,967240	950,663311	31,657777	28,718941	31,153319	28,961054	32,972108	-2,660867	1,214047	1,061604	219261,588556	41,694492	0,008863	-0,024168	0,000000	2,047235	-0,124309	-0,124305	13,998092	-0,008868	6,199530	1,794392
29,600000	7,487622	7,489627	6,812250	0,407499	9,138238	-6060,812415	911,780331	-2988,514659	8,965620	948,445256	31,656237	28,717341	31,154620	28,955823	32,976398	-2,661143	1,210637	1,061938	219200,574627	41,705903	0,008758	-0,024483	0,000000	2,046387	-0,124304	-0,124310	13,979475	-0,008911	6,214589	1,791998
29,800000	7,481908	7,481873	6,825013	0,407211	9,113096	-6166,646371	911,837130	-2988,523680	8,963934	947,773817	31,658542	28,718692	31,150992	28,953962	32,980374	-2,661163	1,207041	1,064070	219288,528800	41,730175	0,008870	-0,024735	0,000000	2,046227	-0,124302	-0,124312	13,973426	-0,008514	6,202259	1,791273
30,000000	7,475517	7,476070	6,826700	0,406579	9,101452	-6267,623275	911,942090	-2988,580314	8,962129	949,751866	31,661043	28,721116	31,148942	28,957886	32,980149	-2,661161	1,204035	1,063489	219428,544337	41,761233	0,008992	-0,024832	0,000000	2,046735	-0,124303	-0,124309	13,989671	-0,008111	6,201187	1,793408
30,200000	7,469288	7,473218	6,795854	0,406763	9,108460	-6582,414687	911,639785	-2988,617634	8,960491	950,625608	31,658298	28,721237	31,153234	28,963096	32,974940	-2,661261	1,204726	1,063136	219539,048166	41,794831	0,009043	-0,024776	0,000000	2,047394	-0,124305	-0,124307	13,996858	-0,007950	6,228763	1,794351
30,400000	7,463805	7,470358	6,798939	0,407526	9,100130	-6779,604675	911,403363	-2988,707885	8,958842	948,778149	31,650831	28,721107	31,161163	28,964160	32,970864	-2,661387	1,209806	1,064162	219624,724357	41,824674	0,009122	-0,024586	0,000000	2,047695	-0,124310	-0,124307	13,981499	-0,008132	6,228801	1,792357
30,600000	7,458621	7,463302	6,826827	0,407832	9,093773	-6795,655165	910,993530	-2988,824613	8,957031	946,983074	31,646352	28,720027	31,164901	28,959715	32,972221	-2,661538	1,212069	1,064719	219693,947866	41,847047	0,009019	-0,024523	0,000000	2,047599	-0,124317	-0,124307	13,966998	-0,008745	6,204804	1,790419
30,800000	7,453035	7,455451	6,806664	0,407350	9,110938	-6869,122259	910,326840	-2988,918601	8,955215	945,786619	31,648014	28,717667	31,162070	28,954845	32,973675	-2,661728	1,208217	1,066380	219797,454772	41,871162	0,008871	-0,024641	0,000000	2,046948	-0,124315	-0,124308	13,957230	-0,009057	6,218647	1,789126
31,000000	7,447264	7,450235	6,779765	0,406904	9,106198	-6827,981702	910,332922	-2988,933178	8,953598	944,839401	31,650168	28,718112	31,157111	28,954903	32,970481	-2,661669	1,201095	1,067680	219964,759919	41,908425	0,008947	-0,024773	0,000000	2,045992	-0,124306	-0,124307	13,949043	-0,008854	6,241767	1,788102
31,200000	7,441888	7,443927	6,780502	0,407063	9,077275	-6595,937033	911,003045	-2988,763109	8,952012	945,572851	31,648486	28,719996	31,155464	28,958867	32,967082	-2,661427	1,196602	1,065880	220079,621575	41,955634	0,009062	-0,024954	0,000000	2,045772	-0,124300	-0,124306	13,955347	-0,008976	6,243458	1,788895
31,400000	7,436877	7,437521	6,770232	0,407045	9,065198	-6545,896363	911,309826	-2988,544575	8,950122	946,885524	31,645512	28,719206	31,151951	28,963324	32,968045	-2,661410	1,197390	1,063033	220051,780322	42,003373	0,009159	-0,024977	0,000000	2,046229	-0,124302	-0,124308	13,966697	-0,009266	6,254023	1,790314
31,600000	7,431561	7,434623	6,760629	0,407012	9,056454	-6673,318390	911,035413	-2988,566785	8,948231	946,329566	31,643428	28,717907	31,146310	28,964416	32,972562	-2,661537	1,200353	1,061534	219994,609614	42,050040	0,009279	-0,024712	0,000000	2,046801	-0,124310	-0,124310	13,962240	-0,009492	6,266484	1,789713
31,800000	7,425775	7,430252	6,767347	0,407532	9,047853	-6787,262336	910,591437	-2988,853144	8,946639	944,088449	31,640131	28,717628	31,151845	28,960654	32,977188	-2,661516	1,203432	1,064575	220008,410734	42,093983	0,009323	-0,024410	0,000000	2,047301	-0,124316	-0,124309	13,943536	-0,009679	6,264464	1,787290
32,000000	7,419937	7,421009	6,765612	0,407633	9,058166	-6836,750781	910,302001	-2989,029787	8,945084	942,532817	31,635279	28,718523	31,160161	28,956194	32,977998	-2,661450	1,203853	1,067204	220056,671070	42,132904	0,009284	-0,024398	0,000000	2,047209	-0,124317	-0,124307	13,930080	-0,009347	6,264924	1,785606
32,200000	7,414302	7,414940	6,751369	0,406949	9,057206	-6669,475649	910,150919	-2988,912472	8,943305	942,472086	31,633214	28,719415	31,157837	28,956772	32,974177	-2,661578	1,202607	1,064479	220087,737043	42,176963	0,009268	-0,024790	0,000000	2,046475	-0,124316	-0,124303	13,928770	-0,008550	6,278415	1,785540
32,400000	7,408865	7,412981	6,746693	0,406716	9,044825	-6555,320592	910,263422	-2988,793836	8,941613	943,656048	31,636696	28,719484	31,150040	28,959814	32,969848	-2,661752	1,204868	1,064094	220081,778241	42,233558	0,009341	-0,025242	0,000000	2,046058	-0,124312	-0,124301	13,938338	-0,008128	6,289008	1,786822
32,600000	7,403416	7,406451	6,745797	0,407152	9,048780	-6722,871120	910,561732	-2988,792911	8,939917	945,820158	31,639241	28,720273	31,144621	28,958155	32,968213	-2,661934	1,210857	1,066269	220060,694795	42,288965	0,009328	-0,025291	0,000000	2,046397	-0,124306	-0,124304	13,956965	-0,008509	6,292959	1,789162
32,800000	7,397765	7,399033	6,736314	0,407232	9,034751	-6834,976903	910,265197	-2988,834121	8,937867	946,339855	31,634180	28,719987	31,145535	28,954355	32,967903	-2,662124	1,215134	1,064688	220077,374257	42,335738	0,009236	-0,024920	0,000000	2,046829	-0,124304	-0,124307	13,961974	-0,009139	6,302103	1,789724
33,000000	7,392130	7,394909	6,726385	0,406799	9,006298	-6661,183873	909,647703	-2988,942377	8,936045	944,344939	31,625211	28,718460	31,149641	28,954230	32,968108	-2,662107	1,213112	1,062273	220106,602510	42,387646	0,009262	-0,024619	0,000000	2,046840	-0,124306	-0,124307	13,945343	-0,009324	6,314964	1,787567
33,200000	7,386892	7,390258	6,733400	0,406431	9,006792	-6402,950015	909,614419	-2989,041379	8,934618	942,628015	31,620580	28,718113	31,151439	28,956981	32,970031	-2,661883	1,208295	1,063069	220132,126673	42,447842	0,009192	-0,024566	0,000000	2,046354	-0,124307	-0,124305	13,930800	-0,009264	6,314723	1,785709
33,400000	7,381678	7,384921	6,744249	0,406809	9,013069	-6229,261694	909,974594	-2988,994993	8,933188	943,256768	31,622689	28,718649	31,150510	28,959881	32,972767	-2,661696	1,207288	1,065887	220209,692430	42,505552	0,009024	-0,024619	0,000000	2,046286	-0,124309	-0,124305	13,936099	-0,009258	6,310378	1,786390
33,600000	7,376140	7,379350	6,717822	0,407277	9,011625	-6094,929801	910,227014	-2988,901991	8,931828	945,630729	31,627179	28,718931	31,148563	28,960595	32,971063	-2,661769	1,209508	1,066704	220306,469387	42,560456	0,008986	-0,024762	0,000000	2,047031	-0,124309	-0,124306	13,955740	-0,008880	6,335935	1,788957
33,800000	7,370536	7,374255	6,686374	0,406994	9,009100	-6027,632581	910,398315	-2988,929777	8,930331	947,296542	31,629648	28,718838	31,144200	28,958319	32,965442	-2,661930	1,211181	1,065734	220404,795742	42,618536	0,009002	-0,024929	0,000000	2,047273	-0,124311	-0,124308	13,969377	-0,008484	6,366614	1,790758
34,000000	7,365129	7,368622	6,686062	0,406682	8,994996	-6105,874464	910,289771	-2989,008625	8,928385	946,535753	31,627685	28,718073	31,141472	28,955316	32,964177	-2,661934	1,212870	1,064212	220495,026695	42,679499	0,009077	-0,024966	0,000000	2,047155	-0,124316	-0,124308	13,963153	-0,008668	6,371641	1,789936
34,200000	7,359818	7,361503	6,684910	0,406706	8,975630	-6477,232634	909,856170	-2989,066962	8,926301	945,018116	31,621624	28,717924	31,145252	28,954564	32,968127	-2,662056	1,215541	1,061972	220580,018745	42,741830	0,009217	-0,024831	0,000000	2,047116	-0,124314	-0,124305	13,950766	-0,009070	6,376548	1,788295
34,400000	7,354355	7,354775	6,684518	0,406533	8,961646	-6942,197899	909,252129	-2989,058758	8,924257	945,475429	31,616130	28,718615	31,146588	28,956116	32,972344	-2,662554	1,215634	1,062304	220697,290420	42,808013	0,009328	-0,024904	0,000000	2,046530	-0,124311	-0,124304	13,954824	-0,009274	6,381612	1,788790
34,600000	7,348764	7,350716	6,696219	0,406125	8,954373	-6949,253168	908,850350	-2989,027010	8,922408	945,953078	31,615797	28,718524	31,140699	28,957261	32,973508	-2,662840	1,211730	1,064286	220770,915058	42,879269	0,009356	-0,025300	0,000000	2,046205	-0,124308	-0,124306	13,958750	-0,009174	6,379267	1,789306
34,800000	7,343106	7,348563	6,700665	0,405845	8,962848	-6586,699266	909,028675	-2989,104921	8,920977	944,303538	31,617379	28,718554	31,138897	28,957915	32,970570	-2,662512	1,208013	1,065387	220767,814833	42,950882	0,009236	-0,025332	0,000000	2,046774	-0,124308	-0,124301	13,944571	-0,008900	6,384536	1,787522
35,000000	7,337599	7,343254	6,698574	0,405661	8,975937	-6376,094492	909,270487	-2989,155655	8,919511	942,726463	31,614462	28,719100	31,144896	28,960129	32,965453	-2,662177	1,207469	1,066207	220753,558568	43,015363	0,009021	-0,024865	0,000000	2,047315	-0,124313	-0,124299	13,931146	-0,008779	6,391901	1,785816
35,200000	7,332466	7,336880	6,692997	0,406067	8,969252	-6373,800496	908,982849	-2989,090078	8,917664	941,563382	31,608459	28,718256	31,148195	28,959685	32,962001	-2,662201	1,208688	1,063752	220786,286985	43,075290	0,008935	-0,024602	0,000000	2,047276	-0,124315	-0,124306	13,921544	-0,008995	6,400640	1,784556
35,400000	7,327566	7,331501	6,686243	0,406514	8,960755	-6331,764878	908,670085	-2989,010569	8,915752	939,658061	31,606531	28,716871	31,143510	28,953688	32,962902	-2,662318	1,209415	1,060203	220877,237979	43,141696	0,009095	-0,024760	0,000000	2,046860	-0,124313	-0,124309	13,905790	-0,009336	6,411931	1,782492
35,600000	7,322407	7,324242	6,670135	0,406009	8,961158	-6246,100858	908,974242	-2988,974574	8,914015	939,187762	31,609513	28,717446	31,137314	28,950695	32,965306	-2,662403	1,210077	1,061749	220970,436482	43,216588	0,009317	-0,025077	0,000000	2,046468	-0,124310	-0,124304	13,901849	-0,009369	6,430810	1,781982
35,800000	7,316942	7,318585	6,645358	0,405697	8,945338	-6231,656012	909,436914	-2989,037532	8,912436	941,173029	31,612045	28,719757	31,135192	28,954803	32,965409	-2,662470	1,210360	1,063689	221014,940545	43,295854	0,009412	-0,025222	0,000000	2,046477	-0,124308	-0,124301	13,918312	-0,009059	6,459024	1,784134
36,000000	7,311807	7,315820	6,649930	0,405991	8,926548	-6307,412994	909,487598	-2989,115566	8,910987	942,850356	31,610931	28,721445	31,135798	28,960553	32,964404	-2,662454	1,209729	1,063736	221086,304646	43,377060	0,009410	-0,025044	0,000000	2,046691	-0,124306	-0,124302	13,932584	-0,009172	6,465087	1,785950
36,200000	7,306803	7,311339	6,656660	0,406181	8,927651	-6484,955177	909,076343	-2989,074679	8,909350	943,012337	31,605860	28,720239	31,139180	28,962860	32,965484	-2,662381	1,209018	1,065958	221221,569628	43,454522	0,009344	-0,024867	0,000000	2,047112	-0,124307	-0,124303	13,934634	-0,009856	6,467534	1,786125
36,400000	7,301328	7,304222	6,649051	0,406481	8,923254	-6674,283745	908,454569	-2989,113250	8,907465	942,727676	31,600067	28,718130	31,139499	28,960047	32,968466	-2,662367	1,208320	1,067003	221252,496340	43,525637	0,009296	-0,024840	0,000000	2,047518	-0,124314	-0,124303	13,932597	-0,010221	6,479063	1,785817
36,600000	7,295749	7,299145	6,658275	0,406858	8,909233	-6608,438133	908,118541	-2989,325850	8,905671	942,615369	31,598347	28,717063	31,138648	28,955301	32,970461	-2,662396	1,209571	1,064497	221174,909502	43,599121	0,009314	-0,024734	0,000000	2,047238	-0,124318	-0,124304	13,931443	-0,010014	6,478205	1,785695
36,800000	7,290572	7,296222	6,661428	0,406915	8,924038	-6259,236055	908,209904	-2989,384699	8,903959	942,663772	31,600651	28,716503	31,144642	28,953101	32,968430	-2,662191	1,212292	1,063124	221143,176106	43,681286	0,009276	-0,024669	0,000000	2,046503	-0,124317	-0,124306	13,931415	-0,009578	6,485590	1,785748
37,000000	7,285596	7,290210	6,656322	0,406804	8,940217	-6046,789897	908,679599	-2989,218033	8,902336	942,720609	31,601342	28,716775	31,144703	28,954352	32,962382	-2,662141	1,213364	1,062618	221160,402187	43,764037	0,009297	-0,024862	0,000000	2,045798	-0,124313	-0,124308	13,931631	-0,009314	6,497491	1,785809
37,200000	7,280679	7,282943	6,653624	0,406520	8,916135	-6183,913319	909,196182	-2989,117792	8,900776	943,608290	31,600779	28,717631	31,133817	28,956797	32,958375	-2,662574	1,212733	1,062069	221243,891675	43,841619	0,009475	-0,025038	0,000000	2,045818	-0,124312	-0,124311	13,939134	-0,009327	6,505333	1,786770
37,400000	7,275972	7,278719	6,642057	0,406502	8,900650	-6449,190691	909,345834	-2989,151378	8,899148	945,678068	31,602483	28,718606	31,126795	28,957718	32,960056	-2,662657	1,211611	1,063289	221419,355270	43,922976	0,009543	-0,024954	0,000000	2,046565	-0,124310	-0,124318	13,956698	-0,009440	6,523776	1,789009
37,600000	7,271188	7,275060	6,623455	0,406665	8,911437	-6606,959324	909,299211	-2989,222276	8,897485	947,161929	31,600270	28,719820	31,130523	28,956409	32,964057	-2,662326	1,211730	1,063757	221557,480354	44,010828	0,009439	-0,024767	0,000000	2,047109	-0,124311	-0,124319	13,969137	-0,009377	6,549956	1,790612
37,800000	7,266007	7,269196	6,609507	0,406123	8,894915	-6748,518434	908,871784	-2989,321449	8,895715	947,340400	31,592233	28,719023	31,137092	28,956312	32,966311	-2,662260	1,212274	1,063696	221578,349258	44,096324	0,009376	-0,024672	0,000000	2,047013	-0,124317	-0,124311	13,970294	-0,009031	6,570225	1,790805
38,000000	7,260661	7,263367	6,605363	0,405853	8,860445	-7024,270329	908,122221	-2989,397176	8,893717	947,126000	31,587420	28,715072	31,138480	28,959142	32,966123	-2,662511	1,212067	1,063662	221544,986787	44,178979	0,009420	-0,024602	0,000000	2,046412	-0,124320	-0,124306	13,968286	-0,008829	6,581600	1,790573
38,200000	7,255252	7,259688	6,612689	0,406379	8,859809	-7187,183858	908,070953	-2989,400876	8,891943	946,994752	31,590198	28,713722	31,137550	28,961342	32,964267	-2,662742	1,211640	1,063808	221523,360164	44,263239	0,009564	-0,024691	0,000000	2,046023	-0,124318	-0,124307	13,967317	-0,008966	6,584866	1,790432
38,400000	7,249692	7,255140	6,636237	0,406690	8,878712	-7244,446684	908,595630	-2989,397250	8,890548	946,978664	31,595668	28,717425	31,136451	28,959347	32,961157	-2,662833	1,209381	1,064729	221564,353446	44,346538	0,009698	-0,025059	0,000000	2,046416	-0,124319	-0,124307	13,967353	-0,009137	6,573142	1,790414
38,600000	7,244295	7,248012	6,633023	0,406309	8,878776	-7408,299607	908,496104	-2989,391619	8,888942	947,891006	31,596408	28,719902	31,132647	28,954008	32,957862	-2,662913	1,207256	1,064164	221582,712523	44,425900	0,009538	-0,025160	0,000000	2,047015	-0,124319	-0,124304	13,974973	-0,009074	6,581843	1,791400
38,800000	7,239349	7,243784	6,596304	0,405410	8,863024	-7374,295152	907,782746	-2989,405813	8,887118	950,009200	31,590995	28,717828	31,129421	28,949785	32,957523	-2,662872	1,207722	1,063007	221465,693053	44,505352	0,009285	-0,024896	0,000000	2,046691	-0,124313	-0,124303	13,992616	-0,008892	6,622115	1,793686
39,000000	7,234883	7,241184	6,581590	0,404695	8,852669	-7120,656075	907,567648	-2989,417619	8,885127	951,487284	31,584914	28,716360	31,134629	28,949309	32,962582	-2,662735	1,209102	1,063538	221353,007205	44,587063	0,009464	-0,024905	0,000000	2,045846	-0,124309	-0,124305	14,005061	-0,008909	6,645220	1,795280
39,200000	7,230564	7,234169	6,574927	0,405006	8,853610	-7100,329309	907,850583	-2989,385966	8,883119	951,601907	31,582095	28,717050	31,140898	28,952728	32,967370	-2,662805	1,210803	1,063964	221319,144177	44,663589	0,009755	-0,025163	0,000000	2,045758	-0,124308	-0,124308	14,006205	-0,009089	6,656932	1,795404
39,400000	7,225816	7,228625	6,564890	0,405924	8,848529	-7288,519656	907,964393	-2989,391953	8,881674	951,354292	31,583026	28,717076	31,135197	28,957026	32,965109	-2,663028	1,212048	1,062645	221285,248255	44,734780	0,009665	-0,025109	0,000000	2,046391	-0,124307	-0,124311	14,004191	-0,009156	6,671773	1,795137
39,600000	7,220700	7,226202	6,570523	0,406240	8,835181	-7403,732389	908,017347	-2989,448895	8,880486	951,247534	31,585589	28,717233	31,128869	28,958599	32,958573	-2,662992	1,211116	1,061343	221276,824285	44,809325	0,009396	-0,024790	0,000000	2,046891	-0,124307	-0,124313	14,003222	-0,009085	6,675794	1,795022
39,800000	7,215511	7,219261	6,585511	0,405859	8,830542	-7655,703548	907,944676	-2989,540750	8,878853	951,268452	31,583139	28,717444	31,132105	28,958268	32,954030	-2,662742	1,207336	1,062104	221284,986330	44,882457	0,009267	-0,024697	0,000000	2,046778	-0,124310	-0,124309	14,003259	-0,008946	6,667879	1,795044
40,000000	7,210269	7,211093	6,595438	0,405486	8,822373	-8015,527254	907,594781	-2989,649202	8,876987	951,288384	31,576218	28,716305	31,135806	28,957129	32,954954	-2,662783	1,205837	1,063493	221261,732715	44,949908	0,009331	-0,024927	0,000000	2,046387	-0,124312	-0,124309	14,003462	-0,008982	6,662623	1,795066
