LabVIEW Measurement	
Writer_Version	2
Reader_Version	2
Separator	Tab
Decimal_Separator	,
Multi_Headings	No
X_Columns	One
Time_Pref	Absolute
Operator	Pos-Oscar
Date	2025/03/10
Time	11:17:54,1237699700584659684
***End_of_Header***	
	
Channels	30																														
Samples	1	1	1	1	1	1	1	1	1	1	1	1	1	1	1	1	1	1	1	1	1	1	1	1	1	1	1	1	1	1	
Date	2025/03/10	2025/03/10	2025/03/10	2025/03/10	2025/03/10	2025/03/10	2025/03/10	2025/03/10	2025/03/10	2025/03/10	2025/03/10	2025/03/10	2025/03/10	2025/03/10	2025/03/10	2025/03/10	2025/03/10	2025/03/10	2025/03/10	2025/03/10	2025/03/10	2025/03/10	2025/03/10	2025/03/10	2025/03/10	2025/03/10	2025/03/10	2025/03/10	2025/03/10	2025/03/10	
Time	15:35:33,9239570906903114463	15:35:33,9239633279904242898	15:35:33,9237824446573373223	15:35:33,9238136313907321835	15:35:33,9238448183569576884	15:35:33,9238884796905782366	15:35:33,9238572929571833754	15:35:33,9238822423904653931	15:35:33,9238323435239013577	15:35:33,9238884796905782366	15:35:33,9238635302572962189	15:35:33,9238572929571833754	15:35:33,9238760050903525496	15:35:33,9239071918237474108	15:35:33,9239383785571422721	15:35:33,9238697675574090624	15:35:33,9237699700571116353	15:35:33,9237762073572244788	15:35:33,9238884796905782366	15:35:33,9237699700571116353	15:35:33,9237762073572244788	15:35:33,9237824446573373223	15:35:33,9237824446573373223	15:35:33,9237886819574501658	15:35:33,923794919490393653	15:35:33,9238011567905064965	15:35:33,9238323435239013577	15:35:33,9238385808240142012	15:35:33,9238385808240142012	15:35:33,9238385808240142012	
Y_Unit_Label	Volts	Volts	Volts	Volts	Volts	Volts	Volts	Volts	Volts	Volts	Volts	Volts	Volts	Volts	Volts	Volts	Volts	Volts	Volts	Volts	Volts	Volts	Volts	Volts	Volts	Volts	Volts	Volts	Volts	Volts	
X_Dimension	Time	Time	Time	Time	Time	Time	Time	Time	Time	Time	Time	Time	Time	Time	Time	Time	Time	Time	Time	Time	Time	Time	Time	Time	Time	Time	Time	Time	Time	Time	
X0	0,0000000000000000E+0	0,0000000000000000E+0	0,0000000000000000E+0	0,0000000000000000E+0	0,0000000000000000E+0	0,0000000000000000E+0	0,0000000000000000E+0	0,0000000000000000E+0	0,0000000000000000E+0	0,0000000000000000E+0	0,0000000000000000E+0	0,0000000000000000E+0	0,0000000000000000E+0	0,0000000000000000E+0	0,0000000000000000E+0	0,0000000000000000E+0	0,0000000000000000E+0	0,0000000000000000E+0	0,0000000000000000E+0	0,0000000000000000E+0	0,0000000000000000E+0	0,0000000000000000E+0	0,0000000000000000E+0	0,0000000000000000E+0	0,0000000000000000E+0	0,0000000000000000E+0	0,0000000000000000E+0	0,0000000000000000E+0	0,0000000000000000E+0	0,0000000000000000E+0	
Delta_X	0,200000	0,200000	0,200000	0,200000	0,200000	0,200000	0,200000	0,200000	0,200000	0,200000	0,200000	0,200000	0,200000	0,200000	0,200000	0,200000	0,200000	0,200000	0,200000	0,200000	0,200000	0,200000	0,200000	0,200000	0,200000	0,200000	0,200000	0,200000	0,200000	0,200000	
***End_of_Header***																															
X_Value	PIT-A-0101	PIT-A-0301	PIT-M-0101	PIT-O-0301	PIT-W-0301	PDT-M-0101-40kPa	PDT-M-0101B-10kPa	PDT-M-0101C-3kPa	PIT-A-AUX	Model Pressure Drop	TIT-A-0101	TIT-A-0301	TIT-M-0101	TIT-O-0301	TIT-W-0301	LV-O-0X01	LV-W-0X01	LV-M-0X01	Densitometro	FT-A-0301	FT-A-0302	FT-A-0303	FT-A-0303 1	FT-O-0301	FT-O-0302	FT-O-0303	FT-W-0301	FT-W-0302	J Ar	J Água	Comment
0,000000	8,266286	8,247867	4,649505	0,404494	6,450838	-7635,013690	906,617887	-2990,949236	8,503618	956,711263	31,577316	28,755601	31,193852	29,183513	32,926963	-2,665656	1,225305	1,060542	200635,765856	9,596199	0,004687	-0,023298	0,000000	2,046310	-0,124336	-0,124324	14,049588	-0,009576	2,155457	1,800906
0,200000	8,255099	8,239262	4,920970	0,404138	6,660741	-7778,283633	907,573569	-2990,768144	8,506509	954,433541	31,586740	28,755271	31,198765	29,181387	32,931497	-2,665064	1,226312	1,062179	200584,469813	9,666115	0,004947	-0,022847	0,000000	2,045557	-0,124336	-0,124315	14,030747	-0,009846	2,069586	1,798455
0,400000	8,244801	8,231386	5,186509	0,404884	6,992803	-7515,456171	909,570626	-2990,354482	8,509603	953,114632	31,596871	28,758271	31,205675	29,184434	32,938740	-2,664436	1,228227	1,063407	200596,923474	9,805694	0,005152	-0,022366	0,000000	2,045298	-0,124327	-0,124310	14,019375	-0,009549	2,007537	1,797034
0,600000	8,235250	8,224143	5,426187	0,406258	7,370610	-7110,300778	911,546064	-2989,697243	8,512820	953,120999	31,603005	28,761392	31,211491	29,190041	32,946141	-2,663830	1,228955	1,063932	200650,255214	10,031512	0,005371	-0,022431	0,000000	2,045804	-0,124316	-0,124310	14,018862	-0,008983	1,975518	1,797041
0,800000	8,226076	8,217499	5,642674	0,407254	7,617419	-6581,096526	912,539351	-2989,290668	8,515827	952,487618	31,606006	28,762435	31,216442	29,193681	32,954105	-2,663177	1,228407	1,064562	200670,385381	10,347846	0,005390	-0,022717	0,000000	2,046563	-0,124312	-0,124309	14,013482	-0,008923	1,969901	1,796358
1,000000	8,217058	8,210611	5,829657	0,407791	7,769691	-6126,948017	913,065743	-2989,223836	8,518513	951,323086	31,607800	28,761617	31,226846	29,192988	32,963036	-2,662482	1,229340	1,063850	200655,175574	10,750300	0,005236	-0,022530	0,000000	2,047064	-0,124316	-0,124306	14,004177	-0,009405	1,988981	1,795103
1,200000	8,208410	8,204025	5,983069	0,408145	7,971868	-5896,385779	913,863485	-2989,130080	8,521142	950,145062	31,610027	28,760766	31,240191	29,189560	32,968931	-2,661791	1,231192	1,063530	200636,712142	11,241282	0,005247	-0,022228	0,000000	2,047181	-0,124317	-0,124309	13,994375	-0,009508	2,032693	1,793833
1,400000	8,200165	8,197607	6,121805	0,408574	8,195235	-5774,593982	914,807186	-2988,901103	8,524008	948,220702	31,613192	28,760580	31,249427	29,186980	32,967899	-2,661376	1,230680	1,065043	200654,720900	11,815196	0,005472	-0,022172	0,000000	2,046954	-0,124313	-0,124312	13,977740	-0,009066	2,093385	1,791756
1,600000	8,192336	8,190829	6,218560	0,408915	8,336728	-5784,284262	915,358494	-2988,683905	8,526751	946,854058	31,618431	28,759855	31,252423	29,186108	32,961517	-2,661348	1,229372	1,065182	200694,585268	12,450849	0,005762	-0,022221	0,000000	2,046162	-0,124310	-0,124314	13,966096	-0,008929	2,174809	1,790280
1,800000	8,184896	8,184577	6,286710	0,408646	8,422100	-5947,770489	915,776577	-2988,546880	8,529109	946,688354	31,625975	28,760209	31,251688	29,186509	32,959392	-2,661438	1,229733	1,064668	200755,509407	13,125455	0,005869	-0,022461	0,000000	2,045584	-0,124311	-0,124313	13,965050	-0,009279	2,269608	1,790100
2,000000	8,177482	8,178338	6,360720	0,408390	8,529047	-6104,212708	916,338535	-2988,437607	8,531321	946,863594	31,630455	28,762809	31,255134	29,187460	32,966459	-2,661415	1,230693	1,066042	200842,873479	13,810485	0,005757	-0,022881	0,000000	2,046005	-0,124310	-0,124311	13,966944	-0,009697	2,362406	1,790290
2,200000	8,170324	8,172463	6,447008	0,408856	8,624498	-6142,599909	916,541389	-2988,327646	8,533663	946,054832	31,627883	28,763320	31,265986	29,186727	32,974446	-2,661260	1,231459	1,066487	200916,586291	14,497280	0,005696	-0,023135	0,000000	2,046715	-0,124306	-0,124310	13,960431	-0,009998	2,449616	1,789416
2,400000	8,163587	8,166729	6,518402	0,408836	8,678003	-6107,919269	916,420214	-2988,248259	8,536184	943,968403	31,622124	28,761236	31,276803	29,187314	32,976344	-2,661118	1,232902	1,064973	200969,728189	15,187901	0,005748	-0,022972	0,000000	2,046936	-0,124304	-0,124309	13,942819	-0,009975	2,540416	1,787160
2,600000	8,156969	8,160406	6,547786	0,408321	8,741234	-6022,022872	916,439490	-2988,244239	8,538597	942,490932	31,620385	28,761147	31,277725	29,191744	32,976210	-2,660977	1,234153	1,064455	200995,224565	15,875383	0,005708	-0,022726	0,000000	2,046863	-0,124309	-0,124310	13,930169	-0,009790	2,643233	1,785561
2,800000	8,150467	8,154897	6,595679	0,408598	8,808253	-5776,247151	916,601022	-2988,252137	8,540871	941,478544	31,625857	28,761926	31,272275	29,195026	32,977077	-2,660804	1,232884	1,066157	201014,901202	16,562971	0,005672	-0,022564	0,000000	2,046822	-0,124314	-0,124311	13,921526	-0,009693	2,738588	1,784465
3,000000	8,144035	8,149131	6,664488	0,409165	8,847364	-5509,693295	916,884859	-2988,221039	8,543255	939,675922	31,634047	28,760878	31,269841	29,193164	32,973731	-2,660671	1,231834	1,068422	201062,591417	17,249109	0,005797	-0,022307	0,000000	2,046918	-0,124316	-0,124311	13,905975	-0,009369	2,824590	1,782511
3,200000	8,137720	8,142454	6,690576	0,409271	8,881597	-5614,445776	917,066695	-2988,267665	8,545710	938,351182	31,637359	28,759585	31,271598	29,188175	32,968781	-2,660561	1,232749	1,069655	201116,183797	17,937142	0,005774	-0,022101	0,000000	2,047012	-0,124316	-0,124310	13,894503	-0,009096	2,925164	1,781075
3,400000	8,131477	8,136970	6,687121	0,409075	8,907040	-5939,247918	916,946859	-2988,347567	8,547935	937,306090	31,634761	28,759784	31,277348	29,183970	32,970461	-2,660467	1,231006	1,071006	201153,687271	18,632052	0,005720	-0,022203	0,000000	2,046640	-0,124315	-0,124305	13,885892	-0,009324	3,038086	1,779941
3,600000	8,125329	8,132011	6,698611	0,408958	8,905329	-6057,135670	916,863319	-2988,297329	8,549993	936,267240	31,631147	28,761003	31,281139	29,183106	32,976914	-2,660385	1,226229	1,069950	201206,642705	19,323601	0,006003	-0,022484	0,000000	2,046137	-0,124312	-0,124303	13,877539	-0,009762	3,144452	1,778814
3,800000	8,119403	8,125931	6,700464	0,409177	8,912143	-5999,897434	916,937013	-2988,176648	8,552276	936,954180	31,629978	28,762642	31,278202	29,185726	32,981487	-2,660348	1,222865	1,065813	201314,908305	20,014151	0,006312	-0,022533	0,000000	2,046030	-0,124310	-0,124308	13,883556	-0,009965	3,253815	1,779559
4,000000	8,113675	8,119945	6,677394	0,409402	8,932094	-5899,274069	916,833204	-2988,121841	8,554689	937,444828	31,630810	28,763172	31,272425	29,188217	32,980939	-2,660472	1,222623	1,065266	201413,258040	20,704666	0,006337	-0,022417	0,000000	2,046251	-0,124312	-0,124312	13,887415	-0,009673	3,373918	1,780092
4,200000	8,107918	8,114744	6,673752	0,408927	8,927678	-5774,775233	916,676445	-2988,168508	8,556820	935,768548	31,631466	28,761325	31,266560	29,188863	32,976870	-2,660560	1,224421	1,069891	201456,410735	21,395588	0,006251	-0,022499	0,000000	2,046868	-0,124313	-0,124315	13,872828	-0,009272	3,486125	1,778272
4,400000	8,101895	8,109290	6,678579	0,408329	8,913759	-5789,095900	916,416305	-2988,311273	8,558836	935,037515	31,631571	28,759876	31,264455	29,189184	32,973247	-2,660448	1,225852	1,072072	201502,802810	22,091304	0,006338	-0,022719	0,000000	2,047139	-0,124314	-0,124319	13,866682	-0,009316	3,595050	1,777478
4,600000	8,096000	8,102809	6,673103	0,408504	8,921999	-6141,945470	916,036470	-2988,415420	8,560978	935,963604	31,630488	28,760103	31,263548	29,186652	32,972542	-2,660552	1,227422	1,069638	201704,321365	22,782764	0,006473	-0,022760	0,000000	2,046437	-0,124315	-0,124316	13,874685	-0,009478	3,707567	1,778484
4,800000	8,090412	8,095922	6,666969	0,408391	8,918096	-6511,758053	915,982411	-2988,350504	8,563039	935,597299	31,630367	28,759728	31,255894	29,180870	32,974797	-2,661006	1,229211	1,068588	202296,748322	23,474683	0,006514	-0,022715	0,000000	2,045615	-0,124314	-0,124310	13,871428	-0,009322	3,820236	1,778086
5,000000	8,084896	8,090319	6,654917	0,407910	8,894474	-6532,716126	916,429622	-2988,254565	8,565089	934,408177	31,634088	28,759146	31,247745	29,179271	32,977939	-2,661223	1,228472	1,068374	203052,695373	24,171594	0,006538	-0,022826	0,000000	2,045453	-0,124314	-0,124309	13,861240	-0,009205	3,937323	1,776794
5,200000	8,079086	8,085395	6,642116	0,408488	8,891227	-6530,529017	917,024026	-2988,242579	8,567414	933,142406	31,635750	28,760926	31,249319	29,184436	32,979685	-2,660997	1,226644	1,069452	203659,344156	24,869001	0,006535	-0,022799	0,000000	2,045740	-0,124315	-0,124311	13,850696	-0,009386	4,055515	1,775419
5,400000	8,072950	8,079477	6,649666	0,409084	8,893356	-6651,329601	917,046947	-2988,262989	8,569872	931,154958	31,632442	28,763275	31,254676	29,190343	32,979063	-2,660722	1,226986	1,072320	204260,108928	25,568104	0,006599	-0,022591	0,000000	2,046173	-0,124315	-0,124316	13,833960	-0,009504	4,162722	1,773257
5,600000	8,067185	8,073442	6,669876	0,408877	8,882707	-6640,562116	916,455890	-2988,307628	8,572139	930,674230	31,629478	28,762517	31,253966	29,192463	32,977468	-2,660545	1,228445	1,073117	204802,905637	26,261469	0,006679	-0,022557	0,000000	2,046924	-0,124313	-0,124320	13,829841	-0,009463	4,261481	1,772734
5,800000	8,061972	8,068519	6,666615	0,409158	8,890485	-6653,790622	915,903406	-2988,455398	8,574262	931,750910	31,629306	28,760685	31,245213	29,189449	32,977636	-2,660542	1,228087	1,071834	205323,940196	26,954997	0,006691	-0,022591	0,000000	2,047551	-0,124312	-0,124320	13,839013	-0,009501	4,373404	1,773905
6,000000	8,056657	8,062994	6,650328	0,409202	8,900944	-6910,544836	915,613585	-2988,615294	8,576349	931,387685	31,631895	28,759784	31,237665	29,184089	32,976883	-2,660698	1,225286	1,069707	205879,184173	27,654018	0,006771	-0,022608	0,000000	2,047168	-0,124316	-0,124314	13,835791	-0,009361	4,493543	1,773510
6,200000	8,050711	8,056463	6,640924	0,408390	8,876189	-7144,365972	915,709224	-2988,556488	8,578520	930,211925	31,635540	28,758930	31,238407	29,181428	32,971282	-2,660907	1,221218	1,067960	206361,228350	28,349659	0,006967	-0,022588	0,000000	2,046014	-0,124319	-0,124304	13,825388	-0,008933	4,608952	1,772230
6,400000	8,044480	8,051107	6,616061	0,408040	8,855304	-7150,945439	916,201814	-2988,356071	8,580911	928,976848	31,636010	28,759057	31,237248	29,182588	32,964562	-2,661139	1,218779	1,068210	206860,942268	29,047002	0,007170	-0,022484	0,000000	2,045400	-0,124317	-0,124302	13,814757	-0,008788	4,734938	1,770885
6,600000	8,038662	8,045950	6,598272	0,408328	8,862163	-7093,093756	916,460432	-2988,253589	8,583253	926,984145	31,635072	28,759557	31,229546	29,185815	32,964525	-2,661161	1,218670	1,068704	207323,536181	29,744066	0,007295	-0,022576	0,000000	2,045836	-0,124313	-0,124309	13,798031	-0,008993	4,857029	1,768714
6,800000	8,033249	8,039507	6,616666	0,408614	8,853338	-7029,134276	916,327708	-2988,312304	8,585402	925,597165	31,635608	28,760799	31,226280	29,187139	32,973281	-2,661014	1,219878	1,069178	207774,020876	30,440391	0,007397	-0,022911	0,000000	2,046617	-0,124309	-0,124314	13,786515	-0,009270	4,955095	1,767201
7,000000	8,027712	8,033947	6,622670	0,408680	8,837665	-6974,714103	915,967045	-2988,392925	8,587657	926,342686	31,633067	28,762946	31,231320	29,185852	32,981277	-2,660971	1,223339	1,070491	208220,586919	31,141535	0,007483	-0,023015	0,000000	2,047133	-0,124304	-0,124312	13,792952	-0,009367	5,062153	1,768014
7,200000	8,022035	8,029657	6,594911	0,408939	8,848102	-7118,119355	915,383929	-2988,435539	8,590033	927,804987	31,628762	28,762595	31,233974	29,185430	32,980118	-2,660964	1,226104	1,068208	208603,429369	31,841230	0,007486	-0,022744	0,000000	2,047140	-0,124304	-0,124311	13,805003	-0,008988	5,192422	1,769609
7,400000	8,016580	8,023602	6,578223	0,409003	8,841242	-7442,814906	915,149136	-2988,473654	8,592207	927,356967	31,630872	28,760941	31,228019	29,186908	32,973598	-2,660946	1,225671	1,065707	209040,911538	32,541054	0,007439	-0,022577	0,000000	2,046612	-0,124307	-0,124312	13,800778	-0,008571	5,314600	1,769120
7,600000	8,011077	8,016595	6,571230	0,408781	8,801976	-7622,127529	915,540925	-2988,478043	8,594392	926,021412	31,639177	28,761379	31,218078	29,188234	32,968536	-2,661136	1,225026	1,068133	209460,067360	33,238998	0,007570	-0,022747	0,000000	2,046070	-0,124311	-0,124312	13,789440	-0,008587	5,429193	1,767664
7,800000	8,005345	8,011574	6,552395	0,409264	8,786339	-7546,130189	916,147357	-2988,477930	8,596836	925,579502	31,645459	28,763450	31,210316	29,185723	32,967356	-2,661404	1,224893	1,071339	209841,385398	33,937342	0,007798	-0,022875	0,000000	2,046050	-0,124316	-0,124310	13,786078	-0,008983	5,553824	1,767182
8,000000	7,999558	8,006449	6,558080	0,409386	8,793178	-7400,786663	916,383902	-2988,483784	8,599374	925,637340	31,643990	28,764924	31,208002	29,180706	32,969868	-2,661370	1,223749	1,072201	210188,081711	34,643023	0,007852	-0,022646	0,000000	2,046280	-0,124319	-0,124308	13,787055	-0,009468	5,661735	1,767245
8,200000	7,993592	7,999791	6,586597	0,408330	8,786097	-7276,825405	916,168841	-2988,509154	8,601729	925,719306	31,637672	28,765039	31,209484	29,180270	32,975078	-2,661133	1,222062	1,069694	210323,420041	35,344885	0,007781	-0,022432	0,000000	2,046568	-0,124316	-0,124306	13,788075	-0,009791	5,750453	1,767334
8,400000	7,987723	7,994597	6,585128	0,407609	8,788804	-7235,279746	915,878548	-2988,558294	8,603760	924,858355	31,633917	28,764413	31,209239	29,185374	32,980260	-2,660965	1,221278	1,067878	210287,291872	36,045781	0,007772	-0,022490	0,000000	2,046896	-0,124307	-0,124304	13,780843	-0,009883	5,862237	1,766395
8,600000	7,982359	7,989858	6,567753	0,408081	8,808716	-7309,976497	915,587196	-2988,537653	8,605923	922,804398	31,634725	28,763603	31,205430	29,189660	32,982335	-2,660991	1,221683	1,069753	210380,408856	36,749446	0,007900	-0,022588	0,000000	2,047350	-0,124305	-0,124309	13,763136	-0,009661	5,987200	1,764152
8,800000	7,977072	7,982986	6,567904	0,408518	8,803249	-7346,973068	915,642844	-2988,511486	8,608400	921,360161	31,637344	28,762449	31,198585	29,189395	32,977898	-2,661146	1,222670	1,070734	210750,242608	37,449955	0,007966	-0,022556	0,000000	2,048126	-0,124314	-0,124315	13,750592	-0,009421	6,096415	1,762574
9,000000	7,971558	7,977066	6,552761	0,408227	8,780908	-7291,722265	915,951840	-2988,605299	8,610788	921,238930	31,640334	28,761397	31,191917	29,184938	32,969231	-2,661295	1,222966	1,068251	211125,702318	38,153773	0,008058	-0,022448	0,000000	2,048096	-0,124317	-0,124312	13,749424	-0,009286	6,219236	1,762441
9,200000	7,966056	7,973183	6,526483	0,408089	8,776293	-7355,062287	916,130267	-2988,746583	8,613067	922,361437	31,642774	28,762545	31,196008	29,179671	32,966197	-2,661407	1,221854	1,066893	211375,152143	38,857207	0,008309	-0,022543	0,000000	2,046961	-0,124314	-0,124306	13,758866	-0,009163	6,353359	1,763668
9,400000	7,960460	7,967751	6,521499	0,408252	8,767314	-7556,647746	916,121857	-2988,734754	8,615505	924,508737	31,643320	28,764078	31,205452	29,178063	32,969587	-2,661455	1,221276	1,069332	211685,552656	39,559127	0,008429	-0,022621	0,000000	2,045837	-0,124314	-0,124305	13,777418	-0,009433	6,468664	1,766013
9,600000	7,954772	7,961125	6,503890	0,408238	8,743243	-7692,981291	915,786513	-2988,512052	8,617924	925,047283	31,642056	28,763417	31,201987	29,179558	32,972428	-2,661584	1,221888	1,071416	212033,636167	40,261675	0,008387	-0,022480	0,000000	2,045456	-0,124311	-0,124306	13,782425	-0,009857	6,594072	1,766601
9,800000	7,949349	7,955511	6,475933	0,407986	8,731729	-7748,090871	915,294876	-2988,318799	8,620151	923,961410	31,642708	28,761227	31,190089	29,182799	32,972830	-2,661697	1,222508	1,071030	212354,693074	40,957434	0,008289	-0,022556	0,000000	2,045938	-0,124309	-0,124305	13,773225	-0,009898	6,728708	1,765416
10,000000	7,943986	7,949718	6,490834	0,407966	8,725022	-7727,398844	915,188286	-2988,403243	8,622421	924,326969	31,644486	28,759632	31,183272	29,187066	32,971460	-2,661546	1,221926	1,069391	212634,602288	41,635951	0,008203	-0,022731	0,000000	2,046622	-0,124309	-0,124308	13,776262	-0,009824	6,822004	1,765815
10,200000	7,938395	7,943631	6,520074	0,408236	8,711496	-7614,387882	915,344907	-2988,674142	8,624855	926,424710	31,642148	28,759743	31,184172	29,188487	32,969368	-2,661345	1,220375	1,067812	212862,423389	42,262685	0,008208	-0,022708	0,000000	2,047148	-0,124309	-0,124315	13,794021	-0,009738	6,893038	1,768104
10,400000	7,932941	7,938944	6,504277	0,408196	8,717693	-7488,928325	914,970310	-2988,838506	8,627398	928,889421	31,638724	28,758301	31,187993	29,185771	32,967685	-2,661344	1,218418	1,068573	213142,086478	42,808238	0,008305	-0,022489	0,000000	2,047293	-0,124310	-0,124316	13,814823	-0,009596	6,993189	1,770790
10,600000	7,927598	7,934269	6,487563	0,407844	8,731742	-7347,681109	914,632485	-2988,825228	8,629904	931,098904	31,640089	28,756676	31,186744	29,181160	32,967857	-2,661535	1,216358	1,070369	213392,916577	43,264962	0,008554	-0,022274	0,000000	2,047261	-0,124316	-0,124309	13,833867	-0,009886	7,079901	1,773196
10,800000	7,922008	7,927604	6,492390	0,407498	8,720584	-7146,165263	915,239593	-2988,782029	8,632237	932,260675	31,646235	28,759356	31,180625	29,177878	32,970353	-2,661693	1,216610	1,068712	213565,136155	43,624772	0,008690	-0,022323	0,000000	2,046920	-0,124314	-0,124306	13,844248	-0,010413	7,128629	1,774460
11,000000	7,916216	7,921495	6,474940	0,407648	8,704470	-6998,403359	915,945382	-2988,687980	8,634480	931,393129	31,651070	28,763444	31,179355	29,178909	32,970998	-2,661699	1,218497	1,066448	213783,484256	43,892659	0,008709	-0,022512	0,000000	2,046207	-0,124307	-0,124309	13,836938	-0,010461	7,184117	1,773516
11,200000	7,910372	7,917192	6,458079	0,408548	8,694645	-6978,808599	915,925496	-2988,489988	8,636904	930,009662	31,649827	28,764784	31,182779	29,182754	32,969341	-2,661670	1,219590	1,067573	214117,152398	44,078189	0,008805	-0,022665	0,000000	2,046164	-0,124304	-0,124310	13,824786	-0,010049	7,227377	1,772010
11,400000	7,904710	7,912145	6,467040	0,409294	8,674207	-6926,949505	915,598143	-2988,412760	8,639293	929,686431	31,644916	28,764680	31,178572	29,184832	32,971736	-2,661646	1,219543	1,069444	214564,141237	44,185582	0,008736	-0,022700	0,000000	2,046652	-0,124307	-0,124309	13,821727	-0,009734	7,232072	1,771658
11,600000	7,899387	7,906485	6,479331	0,409277	8,666008	-6806,399138	915,448402	-2988,560100	8,641446	930,696460	31,641847	28,764547	31,172129	29,184369	32,977238	-2,661540	1,218335	1,068898	214916,685541	44,231308	0,008594	-0,022641	0,000000	2,046903	-0,124312	-0,124311	13,830394	-0,009827	7,222885	1,772758
11,800000	7,894302	7,901332	6,464863	0,408734	8,684809	-6695,114150	915,334752	-2988,706788	8,643907	932,871419	31,641127	28,763132	31,174135	29,182513	32,978161	-2,661353	1,216945	1,067807	215090,505776	44,246160	0,008656	-0,022421	0,000000	2,046966	-0,124313	-0,124313	13,849030	-0,010017	7,235225	1,775124
12,000000	7,889128	7,895999	6,451673	0,407936	8,689845	-6545,554540	915,085507	-2988,725063	8,646513	933,506385	31,641187	28,760162	31,177650	29,179941	32,973433	-2,661349	1,215571	1,068780	215206,899889	44,255123	0,008785	-0,022169	0,000000	2,047061	-0,124310	-0,124316	13,854219	-0,009824	7,245328	1,775814
12,200000	7,883642	7,890150	6,467606	0,407700	8,672807	-6259,145298	914,883633	-2988,722871	8,648694	932,485478	31,644071	28,757670	31,176884	29,178439	32,967128	-2,661568	1,215217	1,068951	215345,724942	44,265477	0,008778	-0,022275	0,000000	2,046975	-0,124307	-0,124314	13,845070	-0,009329	7,226811	1,774704
12,400000	7,878137	7,884427	6,466585	0,407994	8,673378	-6018,854823	915,123430	-2988,752531	8,650724	932,854126	31,648731	28,759479	31,173072	29,177907	32,964324	-2,661719	1,217421	1,067350	215527,275995	44,276687	0,008710	-0,022527	0,000000	2,046670	-0,124307	-0,124309	13,848091	-0,009224	7,224830	1,775105
12,600000	7,872738	7,879048	6,441495	0,407966	8,674945	-6066,616130	915,518505	-2988,800291	8,653015	934,030570	31,650545	28,771209	31,169580	29,177447	32,967901	-2,661687	1,219668	1,067357	215703,758288	44,288640	0,008648	-0,022524	0,000000	2,046642	-0,124312	-0,124306	13,858416	-0,009579	7,246417	1,776384
12,800000	7,867488	7,874055	6,425650	0,407691	8,642507	-6100,008827	915,540478	-2988,868013	8,655506	934,379985	31,647031	28,791510	31,169974	29,177188	32,972921	-2,661614	1,219082	1,069590	215963,206856	44,301268	0,008651	-0,022415	0,000000	2,047157	-0,124312	-0,124307	13,861639	-0,009843	7,259394	1,776764
13,000000	7,862495	7,869155	6,423165	0,407237	8,622225	-6022,600087	915,297315	-2988,841370	8,657895	934,273580	31,642377	28,805578	31,171697	29,178948	32,973954	-2,661592	1,216349	1,069585	216285,653739	44,313128	0,008761	-0,022449	0,000000	2,047509	-0,124308	-0,124308	13,860809	-0,009914	7,259449	1,776648
13,200000	7,857329	7,863544	6,411001	0,407190	8,641216	-6078,197120	914,948714	-2988,714176	8,660135	934,150562	31,642412	28,807199	31,169974	29,183901	32,972260	-2,661606	1,215470	1,067507	216528,626523	44,323755	0,008784	-0,022629	0,000000	2,047043	-0,124309	-0,124310	13,859871	-0,010018	7,268436	1,776514
13,400000	7,851940	7,858523	6,407995	0,407997	8,641671	-6077,510976	914,906524	-2988,648342	8,662409	934,993428	31,646949	28,805107	31,165764	29,186873	32,970003	-2,661651	1,217508	1,067033	216724,169136	44,334117	0,008694	-0,022740	0,000000	2,046431	-0,124311	-0,124315	13,867104	-0,010111	7,268911	1,777430
13,600000	7,846589	7,854025	6,425292	0,408813	8,622774	-5924,934266	915,215943	-2988,663026	8,664842	936,212794	31,650824	28,804573	31,163572	29,183612	32,967227	-2,661685	1,218071	1,067672	216868,842741	44,343450	0,008629	-0,022692	0,000000	2,046407	-0,124313	-0,124318	13,877378	-0,010062	7,249744	1,778754
13,800000	7,841200	7,848083	6,421574	0,408636	8,630450	-6012,234349	915,375826	-2988,702475	8,667366	935,622066	31,650697	28,805159	31,163456	29,178115	32,965184	-2,661690	1,215985	1,069959	216956,416342	44,351420	0,008559	-0,022631	0,000000	2,046668	-0,124316	-0,124312	13,872341	-0,010025	7,249789	1,778113
14,000000	7,835900	7,841866	6,407296	0,407411	8,627101	-6382,160080	915,164269	-2988,720878	8,669771	935,165559	31,649257	28,805167	31,161032	29,176133	32,966218	-2,661663	1,214386	1,070761	217030,727653	44,359637	0,008543	-0,022477	0,000000	2,046463	-0,124315	-0,124303	13,868468	-0,010017	7,259958	1,777617
14,200000	7,830884	7,836687	6,403740	0,406492	8,597850	-6534,770795	914,761522	-2988,677746	8,672005	936,865671	31,647808	28,804711	31,158394	29,178243	32,971065	-2,661624	1,214265	1,070022	217124,688677	44,370154	0,008720	-0,022292	0,000000	2,045873	-0,124307	-0,124302	13,882857	-0,010016	7,260856	1,779463
14,400000	7,825780	7,831443	6,403929	0,406674	8,602255	-6347,266502	914,566298	-2988,626048	8,674223	938,451330	31,644780	28,805948	31,160342	29,181881	32,976305	-2,661684	1,214632	1,069445	217234,089498	44,382494	0,008880	-0,022344	0,000000	2,045621	-0,124305	-0,124309	13,896350	-0,010097	7,258387	1,781184
14,600000	7,820271	7,826137	6,400658	0,407418	8,619222	-6113,152375	914,645472	-2988,666569	8,676570	939,588078	31,641572	28,807676	31,162971	29,184725	32,976172	-2,661878	1,215783	1,066644	217330,372328	44,393667	0,008793	-0,022496	0,000000	2,046508	-0,124310	-0,124314	13,905936	-0,010073	7,259077	1,782416
14,800000	7,814857	7,821906	6,398537	0,407824	8,603076	-5981,663771	914,642620	-2988,774623	8,678988	941,491705	31,640897	28,806871	31,162259	29,186132	32,970868	-2,661913	1,217382	1,065422	217487,325621	44,403382	0,008656	-0,022469	0,000000	2,047763	-0,124313	-0,124313	13,921670	-0,009727	7,259264	1,784479
15,000000	7,809799	7,817539	6,403488	0,407694	8,597396	-5993,351006	914,540928	-2988,916434	8,681302	942,884246	31,641737	28,804156	31,161565	29,185194	32,965986	-2,661725	1,217953	1,067617	217688,717052	44,411659	0,008584	-0,022409	0,000000	2,047674	-0,124312	-0,124310	13,933025	-0,009327	7,252203	1,785987
15,200000	7,804933	7,812245	6,387308	0,407674	8,612008	-6102,677582	914,521397	-2989,013719	8,683566	943,016326	31,641791	28,802440	31,163427	29,179201	32,964769	-2,661677	1,216809	1,069302	217842,558510	44,417179	0,008450	-0,022483	0,000000	2,046862	-0,124314	-0,124311	13,934140	-0,009327	7,264732	1,786129
15,400000	7,800202	7,807106	6,362956	0,407691	8,597395	-6067,174159	914,613846	-2988,951913	8,685939	942,780002	31,642941	28,803504	31,163553	29,172161	32,967280	-2,661792	1,214321	1,069762	217956,544594	44,422309	0,008304	-0,022540	0,000000	2,046509	-0,124318	-0,124315	13,932328	-0,009510	7,285359	1,785874
15,600000	7,795219	7,801719	6,378190	0,407578	8,571684	-5841,011728	914,985260	-2988,808369	8,688331	942,662231	31,645949	28,806322	31,160061	29,171859	32,970718	-2,661887	1,213096	1,069364	218024,708940	44,429890	0,008418	-0,022580	0,000000	2,046683	-0,124317	-0,124317	13,931441	-0,009616	7,266920	1,785746
15,800000	7,789711	7,795990	6,405346	0,407733	8,583218	-5770,564195	915,455513	-2988,727057	8,690601	943,540043	31,646478	28,808445	31,159776	29,178606	32,972159	-2,661901	1,212992	1,067974	218106,725613	44,439966	0,008749	-0,022631	0,000000	2,046955	-0,124314	-0,124316	13,938884	-0,009653	7,237085	1,786696
16,000000	7,784176	7,791226	6,398484	0,408119	8,607572	-5955,453028	915,290390	-2988,668481	8,692938	945,647710	31,641822	28,808442	31,163779	29,185334	32,970192	-2,661868	1,208203	1,066802	218257,257587	44,451916	0,008875	-0,022691	0,000000	2,047213	-0,124311	-0,124315	13,956644	-0,009641	7,241921	1,788976
16,200000	7,779249	7,787384	6,388175	0,407954	8,598455	-6078,900579	914,552495	-2988,640600	8,695365	946,232344	31,634828	28,806831	31,164310	29,185642	32,967691	-2,661805	1,199872	1,066765	218426,803807	44,463922	0,008754	-0,022800	0,000000	2,047565	-0,124309	-0,124315	13,961748	-0,009819	7,250877	1,789608
16,400000	7,774814	7,782458	6,394298	0,407362	8,578745	-6126,251240	914,121516	-2988,796764	8,697543	945,138826	31,630476	28,805061	31,158663	29,181681	32,968973	-2,661743	1,197817	1,067946	218567,291829	44,472283	0,008624	-0,022822	0,000000	2,047664	-0,124308	-0,124318	13,952740	-0,010027	7,242060	1,788426
16,600000	7,770051	7,776622	6,376009	0,407270	8,582623	-6311,005788	914,393670	-2989,005523	8,699434	945,507674	31,632002	28,805012	31,155191	29,178989	32,969147	-2,661818	1,203312	1,068820	218639,988425	44,477121	0,008655	-0,022704	0,000000	2,047387	-0,124308	-0,124317	13,955829	-0,010007	7,255920	1,788824
16,800000	7,764730	7,771991	6,361570	0,407544	8,581109	-6442,315764	914,896875	-2988,968211	8,701605	946,760568	31,637386	28,806113	31,158380	29,177754	32,965184	-2,662016	1,209820	1,068650	218701,022026	44,484581	0,008815	-0,022552	0,000000	2,046571	-0,124307	-0,124315	13,966151	-0,009772	7,267601	1,790179
17,000000	7,759432	7,767130	6,376884	0,407951	8,564050	-6330,476016	914,862914	-2988,740822	8,704227	946,294486	31,640388	28,805769	31,160152	29,177830	32,963807	-2,662199	1,213573	1,069895	218784,017415	44,496081	0,008754	-0,022577	0,000000	2,045665	-0,124308	-0,124313	13,961944	-0,009491	7,250385	1,789675
17,200000	7,754320	7,761557	6,364155	0,408380	8,565856	-6184,857384	914,490853	-2988,618110	8,706718	945,000922	31,639896	28,805735	31,158907	29,180146	32,968164	-2,662187	1,213799	1,069806	218862,852308	44,506778	0,008617	-0,022838	0,000000	2,045696	-0,124313	-0,124314	13,950950	-0,009400	7,260028	1,788276
17,400000	7,749466	7,757212	6,344776	0,408355	8,570678	-6139,614375	914,664040	-2988,678847	8,708961	945,471974	31,637696	28,807510	31,161297	29,182052	32,974002	-2,662019	1,212298	1,066020	218939,444905	44,516591	0,008721	-0,023027	0,000000	2,046412	-0,124318	-0,124311	13,955129	-0,009608	7,277217	1,788786
17,600000	7,744950	7,752689	6,357388	0,407892	8,553342	-6159,412873	914,894291	-2988,830272	8,711160	946,777879	31,633307	28,808217	31,164147	29,181060	32,976672	-2,661967	1,211688	1,063250	218977,628910	44,527299	0,008879	-0,022907	0,000000	2,046812	-0,124319	-0,124308	13,966243	-0,009719	7,262759	1,790197
17,800000	7,740228	7,746839	6,361450	0,407617	8,542859	-6295,186154	914,340681	-2988,907626	8,713484	948,092812	31,629863	28,805739	31,161362	29,178275	32,975365	-2,661970	1,211917	1,065013	219027,576751	44,536363	0,008950	-0,022602	0,000000	2,046745	-0,124313	-0,124310	13,976949	-0,009351	7,255353	1,791618
18,000000	7,735170	7,741420	6,354335	0,407425	8,542459	-6425,826801	913,970333	-2988,811496	8,715903	950,109270	31,630885	28,803203	31,157216	29,178703	32,971167	-2,661886	1,211900	1,070213	219140,577587	44,544617	0,008875	-0,022488	0,000000	2,046608	-0,124309	-0,124313	13,993564	-0,008998	7,259183	1,793794
18,200000	7,730116	7,737215	6,367074	0,407493	8,532288	-6317,982086	914,419060	-2988,715051	8,718190	951,467028	31,634318	28,804128	31,155310	29,180195	32,966949	-2,661887	1,212329	1,071909	219221,761488	44,555893	0,008642	-0,022576	0,000000	2,046503	-0,124311	-0,124314	14,005024	-0,009042	7,244879	1,795258
18,400000	7,725031	7,732648	6,376256	0,408347	8,533792	-6103,036950	914,851304	-2988,728501	8,720315	951,552103	31,635411	28,805926	31,156924	29,176446	32,964804	-2,662052	1,213878	1,068749	219229,884321	44,568125	0,008582	-0,022662	0,000000	2,046472	-0,124314	-0,124314	14,006006	-0,009308	7,234035	1,795350
18,600000	7,719978	7,727708	6,352632	0,408789	8,549535	-6061,869464	914,874734	-2988,813587	8,722443	951,293067	31,632350	28,807265	31,160860	29,172149	32,964380	-2,662222	1,215177	1,066632	219228,201015	44,577321	0,008907	-0,022697	0,000000	2,046543	-0,124314	-0,124311	14,004124	-0,009604	7,254764	1,795071
18,800000	7,715079	7,723602	6,338880	0,408252	8,546506	-6130,375234	914,487232	-2988,922650	8,724688	951,158273	31,627602	28,808117	31,161471	29,173022	32,967601	-2,662160	1,214863	1,066311	219248,022779	44,584961	0,009153	-0,022608	0,000000	2,046550	-0,124312	-0,124307	14,003237	-0,009850	7,266193	1,794925
19,000000	7,710297	7,718870	6,346191	0,407748	8,534697	-6242,624629	913,804239	-2989,006062	8,726834	951,158268	31,623578	28,806362	31,159730	29,178743	32,972872	-2,661919	1,215267	1,066867	219291,067933	44,592855	0,009099	-0,022549	0,000000	2,046607	-0,124309	-0,124312	14,003277	-0,009891	7,256289	1,794925
19,200000	7,705535	7,713231	6,319611	0,407917	8,536449	-6528,714560	913,469187	-2989,010287	8,729104	950,321499	31,621748	28,801432	31,157122	29,184867	32,974789	-2,661830	1,215804	1,067783	219419,325747	44,600479	0,009028	-0,022635	0,000000	2,047081	-0,124306	-0,124320	13,996049	-0,009698	7,279267	1,794023
19,400000	7,700877	7,708847	6,298141	0,408329	8,524767	-6794,515842	913,716071	-2988,974546	8,731719	948,272941	31,622921	28,789847	31,152645	29,185588	32,971563	-2,661968	1,214348	1,066393	219568,377945	44,609735	0,008969	-0,022635	0,000000	2,047605	-0,124311	-0,124323	13,978535	-0,009421	7,298728	1,791812
19,600000	7,696361	7,704495	6,330533	0,408142	8,499380	-6889,062337	914,252268	-2989,041360	8,734232	947,694565	31,624913	28,772901	31,148669	29,180155	32,965792	-2,662203	1,212742	1,064719	219565,945283	44,619939	0,008912	-0,022453	0,000000	2,047561	-0,124317	-0,124320	13,973479	-0,009234	7,264763	1,791187
19,800000	7,691638	7,699036	6,335727	0,407511	8,502527	-7109,997614	914,565221	-2989,145035	8,736439	949,634960	31,625121	28,762849	31,150526	29,174071	32,962980	-2,662326	1,210971	1,066313	219451,123633	44,626730	0,008865	-0,022288	0,000000	2,046914	-0,124315	-0,124313	13,989874	-0,009298	7,256443	1,793282
20,000000	7,686784	7,695507	6,298691	0,407423	8,512400	-7400,275071	914,356212	-2989,123190	8,738449	950,456677	31,623017	28,762068	31,157151	29,171734	32,964750	-2,662302	1,209005	1,069123	219360,711216	44,632628	0,008826	-0,022210	0,000000	2,045937	-0,124311	-0,124307	13,996923	-0,009436	7,291509	1,794169
20,200000	7,682380	7,692260	6,300488	0,407857	8,494807	-7303,178272	913,976130	-2988,990026	8,740485	948,624274	31,620070	28,762610	31,156263	29,171841	32,968601	-2,662436	1,208765	1,070232	219350,181506	44,640343	0,008858	-0,022171	0,000000	2,045464	-0,124310	-0,124305	13,981483	-0,009411	7,288208	1,792191
20,400000	7,678173	7,686315	6,307442	0,407365	8,486554	-7056,105202	913,815109	-2988,918669	8,742768	946,914179	31,619679	28,762667	31,148654	29,174911	32,970947	-2,662634	1,210364	1,068476	219368,410279	44,645502	0,008748	-0,022285	0,000000	2,046124	-0,124310	-0,124308	13,966980	-0,009307	7,276923	1,790344
20,600000	7,673506	7,681084	6,278353	0,406555	8,492337	-7140,796029	913,711461	-2989,037650	8,745296	946,651590	31,620089	28,762792	31,146313	29,181135	32,969403	-2,662619	1,210957	1,064738	219359,774476	44,650426	0,008501	-0,022573	0,000000	2,046967	-0,124312	-0,124315	13,964644	-0,009183	7,302393	1,790061
20,800000	7,668585	7,678096	6,273745	0,407397	8,465374	-7231,978401	913,384331	-2989,205946	8,747776	947,781421	31,616786	28,761768	31,150138	29,184913	32,966408	-2,662530	1,209195	1,064528	219400,466605	44,661003	0,008503	-0,022702	0,000000	2,046909	-0,124315	-0,124321	13,974038	-0,009061	7,306355	1,791281
21,000000	7,664035	7,674316	6,289871	0,408555	8,427571	-7102,048696	913,004895	-2989,271482	8,749971	949,128191	31,612942	28,760108	31,154324	29,181676	32,964781	-2,662416	1,209677	1,067877	219539,643651	44,672290	0,008676	-0,022523	0,000000	2,046544	-0,124317	-0,124318	13,985384	-0,009072	7,288967	1,792735
21,200000	7,659937	7,668824	6,271958	0,407813	8,430120	-6943,106559	912,955260	-2989,247503	8,752209	949,392713	31,614151	28,759475	31,153953	29,173910	32,965675	-2,662194	1,213649	1,068911	219582,708103	44,677299	0,008788	-0,022475	0,000000	2,046413	-0,124317	-0,124314	13,987737	-0,009199	7,303143	1,793021
21,400000	7,655652	7,663790	6,254071	0,406278	8,442879	-6672,539660	913,420556	-2989,201923	8,754667	950,105039	31,620101	28,760488	31,151162	29,169941	32,967359	-2,662022	1,216008	1,067393	219417,389495	44,680780	0,008944	-0,022537	0,000000	2,045743	-0,124315	-0,124310	13,993802	-0,009272	7,317398	1,793789
21,600000	7,650877	7,659537	6,270678	0,405834	8,432456	-6354,424442	914,047873	-2989,159997	8,757179	951,215744	31,623450	28,762001	31,153202	29,173362	32,967382	-2,662169	1,217086	1,066720	219291,109390	44,690552	0,009088	-0,022482	0,000000	2,044960	-0,124311	-0,124309	14,003000	-0,009130	7,298671	1,794987
21,800000	7,646189	7,655196	6,268282	0,406296	8,430631	-6344,863676	914,038289	-2989,082795	8,759676	951,506711	31,618850	28,762694	31,154143	29,178356	32,966822	-2,662446	1,217627	1,067690	219376,179033	44,703168	0,009004	-0,022457	0,000000	2,045490	-0,124310	-0,124312	14,005211	-0,008895	7,299480	1,795301
22,000000	7,641872	7,651267	6,241094	0,407066	8,428540	-6641,125495	913,508722	-2989,096091	8,761850	952,271431	31,610492	28,763140	31,147274	29,180007	32,968096	-2,662565	1,214916	1,067732	219550,244589	44,712321	0,008809	-0,022288	0,000000	2,046656	-0,124313	-0,124318	14,011644	-0,008902	7,324921	1,796125
22,200000	7,637597	7,647196	6,224726	0,407686	8,397712	-6828,362498	912,967260	-2989,323487	8,763707	953,356091	31,604981	28,763083	31,144712	29,178912	32,971267	-2,662607	1,211878	1,066184	219665,416485	44,718445	0,008672	-0,022021	0,000000	2,047281	-0,124315	-0,124320	14,021006	-0,009152	7,339026	1,797294
22,400000	7,633232	7,642333	6,211151	0,407476	8,373125	-6842,078036	912,514384	-2989,585958	8,765860	952,718046	31,603257	28,762110	31,149360	29,177407	32,971415	-2,662703	1,212353	1,066685	219712,165788	44,723686	0,008608	-0,021997	0,000000	2,047378	-0,124315	-0,124318	14,015788	-0,009293	7,349721	1,796607
22,600000	7,628642	7,637487	6,197284	0,406734	8,367492	-6915,958516	912,179977	-2989,641987	8,768381	951,407126	31,603553	28,760687	31,151975	29,176087	32,966178	-2,662864	1,213252	1,069564	219731,340043	44,729524	0,008677	-0,022167	0,000000	2,047062	-0,124316	-0,124315	14,004610	-0,009131	7,360829	1,795194
22,800000	7,624001	7,633049	6,202668	0,406259	8,350462	-6914,117032	912,075709	-2989,512342	8,770866	951,924021	31,606743	28,759706	31,149157	29,174405	32,961067	-2,662973	1,212703	1,068764	219750,200666	44,737520	0,008796	-0,022325	0,000000	2,046265	-0,124318	-0,124318	14,008918	-0,009095	7,352798	1,795751
23,000000	7,619571	7,628468	6,218942	0,406128	8,343712	-6730,889637	912,629803	-2989,350402	8,773128	954,091015	31,612258	28,761346	31,143128	29,173308	32,961012	-2,663028	1,213065	1,065110	219767,290909	44,747317	0,008795	-0,022475	0,000000	2,045322	-0,124313	-0,124319	14,027533	-0,009508	7,333711	1,798086
23,200000	7,615186	7,624113	6,209052	0,406454	8,368569	-6482,652086	913,488389	-2989,242124	8,775118	955,635493	31,614426	28,763754	31,142744	29,172978	32,965113	-2,662914	1,213208	1,065171	219767,556079	44,756349	0,008696	-0,022562	0,000000	2,045142	-0,124310	-0,124315	14,040986	-0,009998	7,341486	1,799749
23,400000	7,611203	7,620624	6,202064	0,407135	8,379943	-6212,607500	913,534578	-2989,239551	8,777225	955,769499	31,609953	28,762669	31,147482	29,172875	32,969369	-2,662679	1,213305	1,067325	219753,821200	44,763782	0,008688	-0,022547	0,000000	2,045809	-0,124316	-0,124311	14,042312	-0,010200	7,347006	1,799893
23,600000	7,607504	7,616612	6,212663	0,407071	8,363770	-5995,032509	912,569075	-2989,324980	8,779691	955,532862	31,604618	28,759007	31,150310	29,175016	32,971447	-2,662618	1,213476	1,066888	219760,763240	44,769991	0,008732	-0,022626	0,000000	2,046360	-0,124319	-0,124311	14,040167	-0,010041	7,333947	1,799638
23,800000	7,603178	7,611973	6,205947	0,406365	8,356369	-5942,365296	911,902301	-2989,375859	8,782092	955,435187	31,603348	28,756795	31,150856	29,179880	32,972964	-2,662585	1,210676	1,065142	219866,087177	44,774772	0,008857	-0,022657	0,000000	2,046273	-0,124315	-0,124314	14,039115	-0,009808	7,337685	1,799533
24,000000	7,598200	7,607457	6,188586	0,406435	8,352140	-5984,656881	912,198577	-2989,355017	8,784344	955,467162	31,604697	28,757052	31,149096	29,181582	32,970718	-2,662576	1,208393	1,065542	220040,821041	44,780179	0,009146	-0,022594	0,000000	2,045863	-0,124313	-0,124315	14,039147	-0,009571	7,352410	1,799567
24,200000	7,593183	7,602956	6,175149	0,407273	8,334086	-5890,315009	912,706902	-2989,330003	8,786759	955,530689	31,606916	28,757760	31,148755	29,176465	32,962768	-2,662728	1,208669	1,066343	220078,010270	44,788115	0,009196	-0,022612	0,000000	2,045735	-0,124320	-0,124313	14,039364	-0,009256	7,363620	1,799636
24,400000	7,588603	7,598643	6,177859	0,407533	8,325451	-5669,567385	913,034285	-2989,364130	8,789218	955,561059	31,607099	28,759276	31,150992	29,169770	32,957242	-2,662838	1,208604	1,065528	219876,870847	44,796759	0,008964	-0,022610	0,000000	2,045964	-0,124323	-0,124312	14,039438	-0,009075	7,358574	1,799668
24,600000	7,584465	7,594041	6,186496	0,406967	8,331497	-5526,456152	913,230798	-2989,392718	8,791423	955,559057	31,603610	28,761910	31,152221	29,168320	32,959150	-2,662783	1,209779	1,067699	219683,569662	44,804330	0,008820	-0,022641	0,000000	2,045917	-0,124318	-0,124312	14,039423	-0,009077	7,346980	1,799666
24,800000	7,580770	7,589946	6,189638	0,406460	8,327647	-5525,434435	913,309644	-2989,284351	8,793485	955,536409	31,599729	28,763079	31,151904	29,172259	32,965592	-2,662673	1,212084	1,070036	219771,910167	44,811530	0,008805	-0,022857	0,000000	2,045901	-0,124311	-0,124314	14,039403	-0,009247	7,341399	1,799642
25,000000	7,577222	7,586625	6,185707	0,406324	8,323004	-5582,123999	913,317404	-2989,163426	8,795645	954,633593	31,597463	28,762723	31,147763	29,176352	32,969894	-2,662635	1,213616	1,067675	220013,971303	44,819412	0,008819	-0,023111	0,000000	2,046417	-0,124307	-0,124318	14,031981	-0,009401	7,343776	1,798670
25,200000	7,573056	7,582458	6,176744	0,406290	8,335562	-5839,702055	913,044240	-2989,226377	8,797874	953,449002	31,596468	28,761810	31,141756	29,178025	32,969306	-2,662713	1,214796	1,066342	220148,662895	44,825639	0,008694	-0,023073	0,000000	2,047130	-0,124312	-0,124323	14,021825	-0,009191	7,350283	1,797394
25,400000	7,568606	7,577251	6,173905	0,406191	8,340245	-6274,965089	912,651783	-2989,352923	8,800029	954,126523	31,596283	28,760151	31,144323	29,178452	32,965129	-2,662723	1,215703	1,067124	220174,896304	44,828434	0,008400	-0,022766	0,000000	2,047689	-0,124322	-0,124323	14,026943	-0,008620	7,349289	1,798124
25,600000	7,564269	7,573247	6,163282	0,406285	8,326113	-6377,820512	912,524889	-2989,467290	8,802238	955,512365	31,595683	28,758286	31,155069	29,176539	32,959811	-2,662613	1,214971	1,065347	220189,764123	44,833134	0,008438	-0,022621	0,000000	2,047392	-0,124322	-0,124320	14,038240	-0,008285	7,357844	1,799616
25,800000	7,559741	7,570217	6,153271	0,406242	8,322375	-6197,591028	912,504689	-2989,509847	8,804617	955,885161	31,595290	28,757497	31,159971	29,170973	32,959373	-2,662621	1,213605	1,063806	220215,713848	44,842343	0,008783	-0,022819	0,000000	2,046496	-0,124318	-0,124313	14,041413	-0,008330	7,367204	1,800017
26,000000	7,555423	7,565176	6,156037	0,405715	8,327661	-6123,333812	912,602787	-2989,448163	8,806927	955,740643	31,596527	28,759854	31,155082	29,166854	32,964066	-2,662725	1,213845	1,066326	220237,925077	44,849243	0,008817	-0,023017	0,000000	2,046041	-0,124316	-0,124308	14,040373	-0,008503	7,360964	1,799862
26,200000	7,551451	7,559840	6,166878	0,405220	8,313059	-6161,558185	913,160717	-2989,410496	8,809074	956,466321	31,598197	28,763851	31,149228	29,169203	32,967886	-2,662814	1,215261	1,068244	220238,367229	44,851877	0,008753	-0,022864	0,000000	2,046052	-0,124314	-0,124311	14,046785	-0,008828	7,345409	1,800642
26,400000	7,547151	7,556531	6,171379	0,405102	8,296329	-6098,054063	913,441269	-2989,362502	8,811368	958,519426	31,596996	28,764658	31,148877	29,175552	32,969457	-2,662839	1,216669	1,067918	220259,274885	44,857605	0,008790	-0,022554	0,000000	2,046092	-0,124310	-0,124316	14,064192	-0,009024	7,338857	1,802850
26,600000	7,542614	7,553680	6,162561	0,405464	8,307436	-5782,607799	912,869920	-2989,287021	8,813947	959,114083	31,591931	28,761815	31,152531	29,179753	32,969341	-2,662767	1,217008	1,066517	220313,441074	44,866057	0,008696	-0,022415	0,000000	2,046443	-0,124312	-0,124320	14,069369	-0,009219	7,346998	1,803489
26,800000	7,538442	7,550091	6,163985	0,405947	8,316453	-5521,382713	912,248711	-2989,340512	8,816499	957,136282	31,586593	28,759707	31,153720	29,178286	32,967867	-2,662692	1,215861	1,064532	220296,272606	44,868117	0,008622	-0,022328	0,000000	2,047053	-0,124315	-0,124321	14,053039	-0,009464	7,342865	1,801363
27,000000	7,534607	7,545640	6,167903	0,406033	8,304873	-5561,742237	912,258834	-2989,567994	8,818874	956,307607	31,584777	28,760429	31,151888	29,173471	32,967510	-2,662672	1,213908	1,064715	220197,683302	44,863489	0,008628	-0,022081	0,000000	2,047083	-0,124312	-0,124319	14,045991	-0,009365	7,334196	1,800472
27,200000	7,530719	7,540627	6,157075	0,405920	8,302675	-5795,536421	912,875422	-2989,653849	8,821109	958,181373	31,587870	28,761383	31,152857	29,169547	32,966805	-2,662573	1,213476	1,066788	220170,540887	44,860606	0,008606	-0,022008	0,000000	2,046550	-0,124311	-0,124314	14,061419	-0,009083	7,340521	1,802487
27,400000	7,526573	7,536255	6,135581	0,406060	8,305289	-6048,548261	913,332859	-2989,460903	8,823179	959,922239	31,591750	28,761729	31,152936	29,168891	32,964630	-2,662517	1,214123	1,067600	220272,847944	44,862869	0,008594	-0,022375	0,000000	2,046063	-0,124312	-0,124312	14,075917	-0,008998	7,359257	1,804357
27,600000	7,522331	7,532605	6,126963	0,406291	8,290526	-6017,740847	913,392688	-2989,231901	8,825178	960,166522	31,591133	28,762572	31,147728	29,171638	32,963899	-2,662747	1,214296	1,067113	220365,722571	44,866409	0,008598	-0,022829	0,000000	2,046146	-0,124312	-0,124314	14,078253	-0,009289	7,365446	1,804620
27,800000	7,518232	7,528487	6,135516	0,406239	8,270536	-5742,534136	913,559295	-2989,094700	8,827374	959,876189	31,588685	28,762714	31,144142	29,174935	32,965433	-2,662931	1,214594	1,067203	220355,918665	44,866932	0,008699	-0,022917	0,000000	2,046596	-0,124310	-0,124317	14,076278	-0,009745	7,353038	1,804308
28,000000	7,514136	7,524236	6,131314	0,406144	8,262623	-5564,525017	913,619138	-2989,095760	8,829785	959,725830	31,586106	28,762637	31,148490	29,175468	32,969200	-2,662832	1,214195	1,066386	220292,293656	44,864291	0,008872	-0,022639	0,000000	2,046941	-0,124310	-0,124318	14,075090	-0,009816	7,353380	1,804146
28,200000	7,509990	7,520577	6,128790	0,406426	8,262898	-5503,106027	912,937353	-2989,237158	8,832100	958,893516	31,581142	28,761921	31,153494	29,172960	32,972659	-2,662638	1,213085	1,065801	220241,764239	44,861189	0,008839	-0,022471	0,000000	2,047092	-0,124313	-0,124317	14,067621	-0,009319	7,352456	1,803252
28,400000	7,505719	7,516497	6,143360	0,406825	8,260181	-5515,155241	911,785454	-2989,417770	8,834249	957,771743	31,576230	28,759359	31,152390	29,171208	32,971368	-2,662543	1,213569	1,066676	220230,120691	44,858062	0,008670	-0,022579	0,000000	2,046792	-0,124317	-0,124316	14,057676	-0,008774	7,333438	1,802046
28,600000	7,501509	7,511425	6,142480	0,406968	8,260058	-5618,681836	911,439106	-2989,477738	8,836428	958,404327	31,576599	28,758148	31,150187	29,173266	32,966457	-2,662622	1,214834	1,066945	220239,575960	44,853378	0,008726	-0,022807	0,000000	2,046232	-0,124319	-0,124314	14,062881	-0,008677	7,329177	1,802726
28,800000	7,497686	7,507433	6,117345	0,407492	8,265637	-5644,740909	912,354971	-2989,398436	8,838729	958,827211	31,581912	28,759798	31,147246	29,174638	32,963279	-2,662789	1,215121	1,066238	220245,605527	44,848849	0,008873	-0,022902	0,000000	2,045947	-0,124316	-0,124315	14,066752	-0,009005	7,350791	1,803181
29,000000	7,493565	7,504397	6,098032	0,408049	8,263414	-5510,638771	913,277801	-2989,378682	8,841116	957,075030	31,585149	28,753047	31,144855	29,170852	32,962253	-2,662951	1,215058	1,066019	220243,612863	44,845851	0,008851	-0,022714	0,000000	2,045821	-0,124312	-0,124316	14,052329	-0,009267	7,367807	1,801297
29,200000	7,489097	7,500097	6,099230	0,407343	8,250382	-5353,249314	913,359909	-2989,429389	8,843524	956,342366	31,582151	28,732418	31,148316	29,165928	32,962502	-2,663020	1,215065	1,068223	220253,680782	44,841078	0,008815	-0,022587	0,000000	2,045743	-0,124313	-0,124312	14,046241	-0,009323	7,362644	1,800509
29,400000	7,485149	7,495630	6,109663	0,406235	8,240882	-5267,608851	913,090781	-2989,377253	8,845733	958,149044	31,575530	28,716503	31,153233	29,165934	32,967060	-2,662912	1,215080	1,068658	220257,059673	44,832464	0,008804	-0,022741	0,000000	2,046022	-0,124313	-0,124309	14,061650	-0,009586	7,347055	1,802452
29,600000	7,481474	7,491704	6,112389	0,406045	8,243286	-5316,924496	912,771929	-2989,298770	8,847750	959,829278	31,570777	28,713682	31,153366	29,171852	32,972961	-2,662697	1,215086	1,066831	220264,025892	44,822275	0,008621	-0,022859	0,000000	2,046508	-0,124309	-0,124314	14,075953	-0,009813	7,339238	1,804258
29,800000	7,477540	7,487521	6,103169	0,406779	8,240480	-5499,913862	912,491373	-2989,336399	8,849998	960,123758	31,570998	28,714927	31,149610	29,177288	32,973079	-2,662669	1,215742	1,064930	220351,868806	44,812510	0,008378	-0,022915	0,000000	2,046991	-0,124314	-0,124318	14,078222	-0,009615	7,343429	1,804574
30,000000	7,473466	7,483372	6,095269	0,407432	8,226532	-5530,458560	912,613103	-2989,459005	8,852590	959,925128	31,573413	28,716445	31,143549	29,175970	32,966857	-2,662831	1,215777	1,062981	220426,027924	44,803161	0,008404	-0,023101	0,000000	2,047439	-0,124324	-0,124322	14,076259	-0,009316	7,346298	1,804360
30,200000	7,469330	7,479425	6,098199	0,406978	8,223845	-5345,577391	912,886366	-2989,635078	8,855088	959,788128	31,574401	28,718276	31,139214	29,170825	32,960148	-2,662936	1,214631	1,064130	220352,821339	44,794645	0,008703	-0,023035	0,000000	2,047405	-0,124326	-0,124321	14,075090	-0,009294	7,338290	1,804213
30,400000	7,465341	7,475364	6,101487	0,406170	8,236831	-5213,948194	912,788050	-2989,727259	8,857234	959,761391	31,573021	28,719693	31,145514	29,168688	32,958582	-2,662962	1,215634	1,064855	220211,725207	44,786375	0,009009	-0,022728	0,000000	2,046714	-0,124324	-0,124315	14,075042	-0,009470	7,330132	1,804185
30,600000	7,461389	7,470879	6,110588	0,406079	8,243634	-5092,580043	912,645170	-2989,579198	8,859246	959,774921	31,569439	28,719455	31,156812	29,168860	32,963336	-2,662983	1,218174	1,065246	220127,536255	44,777170	0,008974	-0,022644	0,000000	2,045748	-0,124316	-0,124310	14,075253	-0,009568	7,315631	1,804199
30,800000	7,457380	7,466939	6,122812	0,406533	8,236669	-4936,038154	912,644870	-2989,335873	8,861290	959,805693	31,566328	28,717915	31,155258	29,168504	32,969734	-2,663030	1,218436	1,066639	220118,678777	44,767563	0,008750	-0,022849	0,000000	2,045199	-0,124309	-0,124311	14,075340	-0,009398	7,298084	1,804232
31,000000	7,453489	7,463958	6,103210	0,406514	8,236555	-4900,057436	912,612394	-2989,295704	8,863499	960,719264	31,566766	28,717788	31,144812	29,171373	32,970872	-2,662979	1,217020	1,066551	220132,611818	44,757488	0,008705	-0,023110	0,000000	2,045535	-0,124311	-0,124315	14,082749	-0,009157	7,313778	1,805213
31,200000	7,449470	7,460436	6,089749	0,406360	8,243293	-5026,405316	912,804736	-2989,451131	8,865960	962,821560	31,567259	28,719463	31,142348	29,177526	32,967277	-2,662795	1,216675	1,066925	220142,391321	44,745174	0,008694	-0,023064	0,000000	2,046417	-0,124315	-0,124317	14,100304	-0,009122	7,322514	1,807470
31,400000	7,445385	7,455776	6,109792	0,406976	8,229631	-5264,236690	912,664242	-2989,522755	8,868351	964,326431	31,561879	28,718347	31,147493	29,180574	32,963288	-2,662712	1,217183	1,067444	220176,268312	44,729938	0,008603	-0,022728	0,000000	2,046955	-0,124317	-0,124316	14,112757	-0,008995	7,295475	1,809083
31,600000	7,441452	7,450954	6,105140	0,407353	8,214761	-5512,212829	911,936442	-2989,455556	8,870494	963,596863	31,555175	28,714375	31,150861	29,176908	32,960707	-2,662854	1,216989	1,066759	220255,152801	44,714794	0,008474	-0,022544	0,000000	2,046819	-0,124319	-0,124316	14,106504	-0,008840	7,293798	1,808301
31,800000	7,437442	7,447058	6,090640	0,406983	8,216749	-5607,222189	911,701737	-2989,385678	8,872630	961,224243	31,556036	28,713437	31,148396	29,170154	32,960031	-2,662940	1,215934	1,065645	220278,486549	44,702344	0,008487	-0,022689	0,000000	2,046172	-0,124321	-0,124312	14,086921	-0,009102	7,303290	1,805755
32,000000	7,433307	7,443793	6,095471	0,406465	8,211275	-5423,795926	912,122082	-2989,383013	8,874777	959,585151	31,562368	28,715726	31,142926	29,166417	32,960385	-2,662903	1,213763	1,064635	220189,609248	44,690376	0,008760	-0,022847	0,000000	2,045168	-0,124320	-0,124311	14,073491	-0,009395	7,293340	1,803995
32,200000	7,429323	7,440863	6,078883	0,406428	8,204297	-5148,928487	912,229203	-2989,387443	8,876901	960,358650	31,564799	28,717501	31,145261	29,167414	32,960575	-2,663048	1,212731	1,064066	220124,636410	44,675767	0,009081	-0,022861	0,000000	2,044737	-0,124315	-0,124319	14,079781	-0,009208	7,305541	1,804826
32,400000	7,425455	7,437285	6,052332	0,406897	8,208144	-5004,277085	911,685663	-2989,317940	8,879104	961,864393	31,560093	28,717494	31,151021	29,171527	32,961159	-2,663230	1,213530	1,064017	220122,978839	44,657632	0,009079	-0,022979	0,000000	2,045328	-0,124314	-0,124321	14,092152	-0,008977	7,327142	1,806443
32,600000	7,421610	7,432140	6,061934	0,407271	8,200731	-4910,322196	911,103695	-2989,352837	8,881360	961,350814	31,553444	28,716075	31,147087	29,174679	32,963501	-2,663203	1,214773	1,065237	220121,485677	44,636978	0,008760	-0,023059	0,000000	2,046391	-0,124316	-0,124318	14,088074	-0,009197	7,309249	1,805891
32,800000	7,417845	7,427677	6,089966	0,407297	8,189222	-4911,263921	910,990270	-2989,576762	8,883679	959,960390	31,550153	28,715311	31,145649	29,173212	32,965662	-2,662995	1,215978	1,066100	220130,298501	44,618148	0,008549	-0,022798	0,000000	2,047263	-0,124319	-0,124314	14,076728	-0,009490	7,273354	1,804398
33,000000	7,414110	7,424440	6,076812	0,406901	8,202359	-5166,530501	911,123620	-2989,781029	8,886098	959,551886	31,548744	28,716206	31,152354	29,169267	32,964513	-2,662891	1,214811	1,064287	220169,608678	44,603565	0,008583	-0,022545	0,000000	2,047097	-0,124324	-0,124313	14,073334	-0,009516	7,281853	1,803960
33,200000	7,410536	7,421182	6,045336	0,406324	8,208860	-5477,098722	911,100748	-2989,808448	8,888450	959,686896	31,547933	28,716480	31,152345	29,166344	32,959829	-2,663078	1,211178	1,063709	220246,210650	44,588478	0,008671	-0,022617	0,000000	2,046201	-0,124326	-0,124315	14,074301	-0,009353	7,309125	1,804105
33,400000	7,407006	7,417865	6,052792	0,405855	8,181664	-5510,500553	911,303907	-2989,674007	8,890651	959,829246	31,550411	28,716433	31,144884	29,165592	32,956019	-2,663247	1,208376	1,066330	220331,141997	44,568839	0,008603	-0,022791	0,000000	2,045710	-0,124322	-0,124312	14,075323	-0,009183	7,295107	1,804257
33,600000	7,403102	7,413426	6,072536	0,405794	8,171737	-5487,748001	912,255174	-2989,537082	8,892826	959,843288	31,553668	28,719559	31,139570	29,166569	32,957435	-2,663251	1,209618	1,067559	220350,134402	44,546303	0,008564	-0,022928	0,000000	2,045827	-0,124319	-0,124308	14,075511	-0,009254	7,266981	1,804273
33,800000	7,398953	7,408524	6,073801	0,406502	8,190666	-5646,743805	912,994505	-2989,561720	8,895102	959,807914	31,551564	28,722239	31,140679	29,167433	32,961736	-2,663201	1,212953	1,065342	220288,467612	44,524894	0,008570	-0,023001	0,000000	2,046195	-0,124320	-0,124312	14,075381	-0,009419	7,257908	1,804235
34,000000	7,395092	7,405879	6,073602	0,407249	8,187972	-5634,813075	912,643656	-2989,646329	8,897394	959,802574	31,543970	28,721365	31,147826	29,167784	32,964554	-2,663186	1,213421	1,063784	220215,782396	44,506473	0,008579	-0,022845	0,000000	2,046407	-0,124321	-0,124317	14,075296	-0,009379	7,253018	1,804229
34,200000	7,391639	7,403661	6,082383	0,407022	8,178565	-5471,256523	911,699498	-2989,672716	8,899550	959,799274	31,536902	28,719695	31,156440	29,170577	32,965689	-2,663179	1,212307	1,065161	220206,218344	44,487137	0,008652	-0,022687	0,000000	2,046341	-0,124321	-0,124319	14,075290	-0,009401	7,239197	1,804225
34,400000	7,388023	7,398898	6,071117	0,406630	8,197605	-5583,464435	910,765521	-2989,762907	8,901588	959,771540	31,535035	28,717143	31,158704	29,175278	32,966116	-2,663229	1,212844	1,065841	220248,039869	44,461869	0,008636	-0,022876	0,000000	2,046107	-0,124318	-0,124320	14,075304	-0,009648	7,242634	1,804196
34,600000	7,384104	7,393600	6,057045	0,406701	8,201219	-5854,942324	910,535511	-2989,868945	8,903889	959,771168	31,538509	28,715074	31,152174	29,175169	32,962531	-2,663411	1,213820	1,064520	220293,929984	44,434154	0,008693	-0,023127	0,000000	2,045882	-0,124315	-0,124320	14,075311	-0,009657	7,247886	1,804195
34,800000	7,380217	7,389731	6,063845	0,406573	8,167893	-5881,189369	911,146709	-2989,826264	8,906646	959,797210	31,541605	28,716353	31,145055	29,169412	32,955166	-2,663464	1,214094	1,064562	220328,753181	44,411929	0,008753	-0,023066	0,000000	2,046126	-0,124316	-0,124316	14,075310	-0,009439	7,233728	1,804223
35,000000	7,376330	7,386600	6,047599	0,406217	8,156705	-5719,978499	911,860955	-2989,746170	8,909120	959,778469	31,540025	28,718980	31,142105	29,164468	32,952324	-2,663340	1,214304	1,064675	220283,158909	44,393549	0,008622	-0,022834	0,000000	2,046591	-0,124320	-0,124313	14,075309	-0,009594	7,244584	1,804203
35,200000	7,372505	7,383449	6,022761	0,405898	8,172019	-5651,840359	912,141845	-2989,709636	8,911082	959,707466	31,537249	28,719076	31,143761	29,163920	32,956861	-2,663278	1,215026	1,065013	220170,692304	44,371230	0,008564	-0,022687	0,000000	2,046361	-0,124319	-0,124314	14,075309	-0,010188	7,263896	1,804127
35,400000	7,368847	7,379463	6,040376	0,405983	8,162107	-5629,215464	911,800411	-2989,597842	8,913176	959,681675	31,534664	28,717178	31,150107	29,166325	32,962994	-2,663346	1,215399	1,067133	220138,609888	44,343720	0,008710	-0,022737	0,000000	2,045740	-0,124314	-0,124318	14,075309	-0,010404	7,237949	1,804099
35,600000	7,365186	7,375235	6,053777	0,406749	8,146936	-5729,181388	911,093827	-2989,505858	8,915424	959,741669	31,530926	28,715671	31,151229	29,171035	32,965781	-2,663516	1,215171	1,067540	220195,258154	44,314551	0,008706	-0,022891	0,000000	2,045639	-0,124313	-0,124319	14,075309	-0,009902	7,215837	1,804163
35,800000	7,361454	7,372225	6,027900	0,407150	8,159060	-6201,291718	910,824826	-2989,638649	8,917613	959,803130	31,528036	28,714893	31,145676	29,175240	32,964615	-2,663646	1,215040	1,065557	220223,883173	44,287612	0,008525	-0,022902	0,000000	2,046186	-0,124317	-0,124318	14,075309	-0,009387	7,235325	1,804229
36,000000	7,357715	7,368507	6,014624	0,406807	8,164370	-6727,523113	911,105158	-2989,881318	8,919791	959,857616	31,527012	28,715288	31,147385	29,174582	32,960403	-2,663547	1,214773	1,063985	220191,569791	44,261867	0,008557	-0,022714	0,000000	2,046845	-0,124322	-0,124320	14,075309	-0,008931	7,241636	1,804288
36,200000	7,353807	7,363675	6,018681	0,407042	8,146308	-6879,165398	911,444567	-2990,003410	8,921969	959,026444	31,526382	28,716294	31,154052	29,170458	32,955180	-2,663447	1,213379	1,063963	220113,855906	44,233302	0,008575	-0,022661	0,000000	2,046920	-0,124323	-0,124321	14,067892	-0,008476	7,228724	1,803395
36,400000	7,349923	7,360055	6,017067	0,407502	8,136671	-6805,868734	911,426886	-2989,987442	8,924316	956,906482	31,525548	28,716856	31,154129	29,166207	32,953663	-2,663575	1,211159	1,064248	219990,132490	44,205640	0,008386	-0,022802	0,000000	2,046207	-0,124318	-0,124319	14,050316	-0,008668	7,222721	1,801116
36,600000	7,346349	7,356491	6,020470	0,406744	8,140914	-6763,760886	911,160944	-2989,890891	8,926849	956,227494	31,525482	28,717423	31,148897	29,163550	32,957368	-2,663770	1,210766	1,064084	219875,419389	44,181586	0,008342	-0,022806	0,000000	2,045320	-0,124317	-0,124315	14,045274	-0,009320	7,212064	1,800386
36,800000	7,342683	7,352931	6,026896	0,405442	8,138200	-6650,954663	911,230253	-2989,818077	8,929247	958,130196	31,525289	28,718002	31,144712	29,164305	32,961387	-2,663805	1,212411	1,062843	219811,951176	44,157178	0,008543	-0,022910	0,000000	2,045109	-0,124324	-0,124316	14,061687	-0,009780	7,198288	1,802432
37,000000	7,338824	7,350424	6,028212	0,405339	8,139674	-6465,989099	911,508766	-2989,831748	8,931378	959,839728	31,522010	28,718189	31,145676	29,169083	32,961947	-2,663634	1,212915	1,063918	219841,578980	44,130860	0,008756	-0,023197	0,000000	2,045519	-0,124323	-0,124321	14,076156	-0,009929	7,190504	1,804269
37,200000	7,335321	7,346467	6,029452	0,406224	8,153801	-6514,636486	911,419579	-2989,730108	8,933527	959,211379	31,516921	28,717524	31,148440	29,173260	32,959892	-2,663537	1,211434	1,066798	219970,902831	44,102002	0,008907	-0,023360	0,000000	2,046266	-0,124317	-0,124322	14,070872	-0,009907	7,181202	1,803594
37,400000	7,332193	7,341652	6,031802	0,406648	8,150942	-6694,101401	910,907758	-2989,627939	8,935867	956,876658	31,513423	28,715765	31,146463	29,172320	32,958454	-2,663475	1,209984	1,066265	220050,125876	44,071128	0,008950	-0,023250	0,000000	2,046762	-0,124317	-0,124318	14,051252	-0,009853	7,169621	1,801084
37,600000	7,328826	7,339201	6,034560	0,406670	8,132621	-6707,867704	910,760497	-2989,753897	8,938275	955,268697	31,512647	28,714259	31,144216	29,167284	32,959403	-2,663288	1,211234	1,064748	220025,617540	44,043834	0,008785	-0,022996	0,000000	2,046498	-0,124323	-0,124316	14,037619	-0,009709	7,160241	1,799354
37,800000	7,325092	7,336497	6,030438	0,406367	8,134006	-6920,808369	911,242929	-2989,914754	8,940614	955,155984	31,514722	28,714294	31,147586	29,163056	32,958200	-2,663205	1,214160	1,064082	219968,929921	44,019909	0,008651	-0,023057	0,000000	2,045728	-0,124325	-0,124314	14,036423	-0,009459	7,158308	1,799232
38,000000	7,321286	7,331874	6,010303	0,405768	8,143465	-7334,564799	911,428705	-2989,924130	8,942909	954,557198	31,516697	28,714436	31,149551	29,163130	32,953648	-2,663411	1,215567	1,063153	219908,469165	43,992518	0,008679	-0,023191	0,000000	2,044568	-0,124322	-0,124315	14,031233	-0,009295	7,170492	1,798588
38,200000	7,317489	7,328335	6,008137	0,405901	8,127946	-7211,190903	911,242419	-2989,791090	8,945307	953,457907	31,516069	28,714235	31,146758	29,166158	32,952637	-2,663713	1,215539	1,063831	219869,539066	43,963225	0,008747	-0,023142	0,000000	2,044300	-0,124319	-0,124320	14,022133	-0,009424	7,164822	1,797404
38,400000	7,313764	7,325098	6,016140	0,406172	8,111919	-6710,469841	911,326113	-2989,736958	8,947558	954,030973	31,513559	28,716225	31,145141	29,169155	32,956180	-2,663704	1,215616	1,064469	219866,466077	43,937336	0,008726	-0,023254	0,000000	2,045596	-0,124319	-0,124324	14,027203	-0,009682	7,149550	1,798021
38,600000	7,310278	7,321149	5,998361	0,405950	8,124434	-6462,405585	911,475193	-2989,825260	8,949616	955,353015	31,509196	28,719088	31,146878	29,169824	32,961103	-2,663537	1,217247	1,063691	219847,311766	43,912511	0,008580	-0,023372	0,000000	2,046966	-0,124322	-0,124324	14,038276	-0,009658	7,160260	1,799445
38,800000	7,306989	7,318009	5,995163	0,406322	8,128393	-6402,041855	911,135305	-2989,904915	8,951907	956,644326	31,503253	28,718628	31,151266	29,168203	32,964288	-2,663571	1,218087	1,065191	219698,342373	43,885809	0,008420	-0,023194	0,000000	2,047200	-0,124325	-0,124322	14,048792	-0,009342	7,156592	1,800834
39,000000	7,303628	7,314614	6,009334	0,407125	8,109997	-6344,868562	910,580402	-2989,938730	8,954326	958,649900	31,499013	28,715998	31,154457	29,167156	32,962978	-2,663627	1,217373	1,066909	219456,072751	43,859114	0,008465	-0,022884	0,000000	2,046365	-0,124323	-0,124319	14,065345	-0,009083	7,134975	1,802990
39,200000	7,300276	7,310105	5,998345	0,407069	8,108053	-6312,757400	910,795512	-2989,881585	8,956639	959,138745	31,501644	28,715302	31,149579	29,168389	32,959956	-2,663595	1,217625	1,066078	219213,203590	43,832332	0,008561	-0,022848	0,000000	2,045759	-0,124323	-0,124320	14,069402	-0,009045	7,137853	1,803516
39,400000	7,296827	7,306470	5,991532	0,406791	8,110201	-6277,936410	911,715470	-2989,728682	8,958839	957,158634	31,508168	28,716722	31,141545	29,168418	32,957228	-2,663596	1,217388	1,065632	218955,417843	43,806254	0,008498	-0,022941	0,000000	2,045891	-0,124323	-0,124323	14,052825	-0,009063	7,137213	1,801387
39,600000	7,292900	7,303335	6,010942	0,406884	8,096336	-6135,164915	912,172036	-2989,656672	8,961014	955,453824	31,509855	28,717138	31,140818	29,164575	32,955052	-2,663517	1,216317	1,065951	218789,945579	43,782559	0,008625	-0,022971	0,000000	2,045843	-0,124319	-0,124321	14,038488	-0,009025	7,110853	1,799553
39,800000	7,289178	7,299901	6,003148	0,406203	8,099928	-5900,375879	911,813343	-2989,715236	8,963370	954,330704	31,504922	28,716085	31,145141	29,161200	32,955810	-2,663407	1,216304	1,064943	218768,899778	43,757561	0,008888	-0,023171	0,000000	2,045474	-0,124318	-0,124317	14,029019	-0,008981	7,111895	1,798344
40,000000	7,286123	7,297327	5,982414	0,405079	8,117519	-5698,564971	911,413630	-2989,773352	8,965786	953,341702	31,497561	28,715511	31,148403	29,163350	32,960967	-2,663398	1,218097	1,063582	218761,231506	43,730112	0,008847	-0,023355	0,000000	2,045301	-0,124321	-0,124314	14,020910	-0,009177	7,126451	1,797279
40,200000	7,283001	7,294028	5,996459	0,404947	8,111902	-5640,142511	911,233348	-2989,785845	8,968158	954,053460	31,493177	28,709771	31,150302	29,169390	32,965415	-2,663419	1,219074	1,064713	218754,644107	43,701565	0,008625	-0,023313	0,000000	2,045421	-0,124321	-0,124318	14,027185	-0,009475	7,104829	1,798045
40,400000	7,279504	7,289561	6,010221	0,405941	8,097053	-5861,835228	910,886973	-2989,695747	8,970441	955,412907	31,493162	28,684769	31,150512	29,172040	32,962893	-2,663491	1,217329	1,065988	218811,041723	43,671975	0,008550	-0,023044	0,000000	2,045867	-0,124318	-0,124324	14,038509	-0,009389	7,082837	1,799509
40,600000	7,275939	7,285971	5,999383	0,407039	8,101158	-6135,079418	910,668596	-2989,619636	8,972611	955,811591	31,494850	28,647377	31,146188	29,168885	32,956657	-2,663586	1,216353	1,064751	218887,738593	43,643635	0,008473	-0,022689	0,000000	2,046262	-0,124317	-0,124323	14,041465	-0,008999	7,086937	1,799938
40,800000	7,272379	7,283143	5,995380	0,407246	8,100349	-6235,883920	910,928617	-2989,798630	8,974970	955,688005	31,495440	28,625882	31,142123	29,164722	32,952417	-2,663600	1,216697	1,063611	218968,983403	43,616377	0,008370	-0,022598	0,000000	2,046114	-0,124322	-0,124315	14,040339	-0,008911	7,084565	1,799805
41,000000	7,268704	7,280130	5,994600	0,406687	8,081907	-6306,761660	911,102824	-2990,039538	8,977440	955,501631	31,493506	28,625408	31,147572	29,162750	32,951977	-2,663560	1,216421	1,064886	219064,521448	43,586726	0,008537	-0,022826	0,000000	2,045595	-0,124326	-0,124311	14,039345	-0,009480	7,078099	1,799604
41,200000	7,265147	7,276532	5,978517	0,406591	8,085459	-6241,798545	911,054401	-2990,025793	8,979695	954,534154	31,490672	28,630363	31,155464	29,161904	32,956061	-2,663739	1,213517	1,066877	219099,933084	43,555145	0,008828	-0,023044	0,000000	2,045196	-0,124324	-0,124315	14,031780	-0,010035	7,086280	1,798563
41,400000	7,261911	7,272260	5,975491	0,406653	8,101356	-6117,683411	911,026801	-2989,871885	8,981700	952,470670	31,488575	28,633388	31,153558	29,161847	32,961286	-2,664006	1,209676	1,066208	219045,231797	43,525844	0,008806	-0,023180	0,000000	2,045271	-0,124322	-0,124320	14,014345	-0,009929	7,080808	1,796340
41,600000	7,258781	7,268496	5,976302	0,405831	8,085339	-6112,790145	911,034540	-2989,827593	8,983742	951,921210	31,487107	28,635409	31,148298	29,165244	32,962083	-2,664013	1,210159	1,063968	219000,355701	43,500879	0,008508	-0,023315	0,000000	2,045570	-0,124319	-0,124324	14,009384	-0,009585	7,072523	1,795748
41,800000	7,255436	7,265880	5,974797	0,405497	8,065985	-6063,093739	911,187322	-2989,842877	8,986133	953,909826	31,484906	28,635672	31,147608	29,169619	32,959594	-2,663904	1,213507	1,063607	219055,271961	43,478534	0,008315	-0,023315	0,000000	2,045845	-0,124315	-0,124327	14,025799	-0,009295	7,068154	1,797891
42,000000	7,251768	7,262723	5,982200	0,406401	8,074522	-5983,047387	911,050470	-2989,877464	8,988674	955,660126	31,480439	28,632085	31,150277	29,169447	32,958782	-2,663806	1,215331	1,065175	219170,653892	43,455164	0,008382	-0,023149	0,000000	2,045945	-0,124315	-0,124327	14,040254	-0,009059	7,054300	1,799775
42,200000	7,248156	7,258372	5,976729	0,406970	8,075816	-5840,287941	910,337144	-2990,011336	8,991028	955,903556	31,476012	28,627615	31,153404	29,164629	32,959629	-2,663702	1,214014	1,066116	219244,665501	43,427694	0,008535	-0,022907	0,000000	2,046018	-0,124322	-0,124326	14,042381	-0,009144	7,051835	1,800037
42,400000	7,244757	7,255088	5,968234	0,406548	8,052615	-5492,954354	909,944108	-2990,130774	8,993278	956,512129	31,476372	28,626580	31,151430	29,159425	32,958861	-2,663626	1,212611	1,066204	219209,813863	43,398795	0,008677	-0,022780	0,000000	2,046025	-0,124328	-0,124318	14,047754	-0,009412	7,052916	1,800692
42,600000	7,241377	7,252878	5,962066	0,405980	8,046331	-5070,247531	910,547752	-2990,049094	8,995609	957,561536	31,480799	28,628889	31,146479	29,158999	32,956286	-2,663676	1,214929	1,064694	219135,876570	43,372903	0,008745	-0,022697	0,000000	2,045539	-0,124325	-0,124310	14,056740	-0,009599	7,052898	1,801820
42,800000	7,237978	7,249234	5,957241	0,406021	8,068793	-4823,395941	911,382415	-2989,767405	8,998021	956,936690	31,482344	28,631734	31,144976	29,162095	32,954511	-2,663791	1,217986	1,062801	219123,857375	43,346328	0,008611	-0,022703	0,000000	2,045317	-0,124319	-0,124309	14,051591	-0,009689	7,050249	1,801148
43,000000	7,234608	7,244690	5,962685	0,406169	8,071536	-4957,012774	911,451955	-2989,601918	9,000418	955,616935	31,478203	28,633332	31,143077	29,164844	32,955515	-2,663926	1,218938	1,063708	219140,939318	43,317059	0,008490	-0,023040	0,000000	2,045823	-0,124317	-0,124316	14,040511	-0,009679	7,036002	1,799729
43,200000	7,231465	7,240991	5,948264	0,405970	8,048657	-5356,077259	910,890654	-2989,759730	9,002399	955,236585	31,472503	28,633620	31,141295	29,166786	32,958416	-2,663987	1,218611	1,064894	219151,007646	43,290370	0,008491	-0,023343	0,000000	2,046238	-0,124321	-0,124322	14,037426	-0,009785	7,043068	1,799319
43,400000	7,228337	7,238644	5,927736	0,406036	8,039377	-5613,223587	910,213200	-2989,968644	9,004292	955,332203	31,469921	28,632836	31,145341	29,166560	32,960622	-2,663756	1,217933	1,064778	219150,800564	43,266655	0,008503	-0,023242	0,000000	2,046163	-0,124326	-0,124322	14,038455	-0,010012	7,058202	1,799422
43,600000	7,224940	7,236028	5,932503	0,406001	8,036740	-5585,294886	909,693608	-2990,056880	9,006930	956,350067	31,468747	28,631766	31,151165	29,164397	32,960653	-2,663639	1,217642	1,063491	219126,249453	43,241576	0,008452	-0,023038	0,000000	2,045923	-0,124330	-0,124323	14,046857	-0,009874	7,047172	1,800517
43,800000	7,221513	7,231329	5,938096	0,405733	8,024365	-5621,883413	909,384047	-2990,077976	9,009727	957,634859	31,466560	28,630696	31,152324	29,163358	32,957181	-2,663960	1,216887	1,063037	219064,828498	43,212461	0,008288	-0,023070	0,000000	2,045657	-0,124329	-0,124325	14,057177	-0,009422	7,032770	1,801899
44,000000	7,218065	7,226833	5,939569	0,405757	8,016725	-5808,385366	909,602396	-2990,038716	9,011960	957,023578	31,467738	28,630967	31,147552	29,164672	32,952549	-2,664153	1,215294	1,064743	218990,991652	43,182752	0,008150	-0,023211	0,000000	2,045313	-0,124325	-0,124323	14,051928	-0,009298	7,022476	1,801242
44,200000	7,214313	7,224411	5,945549	0,405795	8,025013	-5762,216925	910,414013	-2989,947983	9,014054	955,633894	31,470802	28,632794	31,143967	29,166058	32,952569	-2,663976	1,215185	1,064917	218927,756481	43,158953	0,008212	-0,023321	0,000000	2,045244	-0,124323	-0,124319	14,040550	-0,009576	7,010357	1,799747
44,400000	7,210431	7,222073	5,948314	0,405768	8,035775	-5672,252084	910,661370	-2989,894742	9,016215	955,209639	31,467569	28,633002	31,144446	29,165890	32,956171	-2,663902	1,217187	1,063341	218852,526088	43,136625	0,008513	-0,023427	0,000000	2,045627	-0,124322	-0,124316	14,037374	-0,009959	7,001949	1,799290
44,600000	7,207043	7,218645	5,935229	0,405460	8,031704	-5840,876085	909,999829	-2989,948554	9,018379	955,307370	31,458382	28,631621	31,145826	29,165274	32,958424	-2,664047	1,217858	1,063911	218812,962230	43,107896	0,008776	-0,023460	0,000000	2,045756	-0,124323	-0,124316	14,038428	-0,010193	7,007646	1,799395
44,800000	7,204239	7,215048	5,926344	0,404787	8,018090	-5920,830315	909,399644	-2990,009561	9,020818	955,446473	31,451375	28,630671	31,147995	29,166107	32,959814	-2,664113	1,216563	1,067217	218885,063637	43,076262	0,008710	-0,023408	0,000000	2,045486	-0,124323	-0,124317	14,039440	-0,010038	7,008499	1,799545
45,000000	7,201423	7,211403	5,931806	0,404931	8,012509	-5837,813075	909,511299	-2989,994816	9,023465	956,377780	31,451057	28,630499	31,149846	29,168493	32,960398	-2,664060	1,216083	1,068328	219024,063205	43,047408	0,008586	-0,023391	0,000000	2,045453	-0,124321	-0,124320	14,047024	-0,009810	6,995212	1,800547
45,200000	7,198210	7,207648	5,915203	0,405858	8,017939	-5855,148086	909,953738	-2989,971098	9,026058	957,578232	31,454985	28,630592	31,149491	29,167782	32,956821	-2,664006	1,217291	1,064840	219107,713590	43,021830	0,008460	-0,023363	0,000000	2,045765	-0,124322	-0,124325	14,057046	-0,009766	7,004647	1,801838
45,400000	7,194679	7,204877	5,899944	0,406092	8,011998	-5927,322266	910,049821	-2990,029209	9,028448	956,986250	31,457538	28,630551	31,147155	29,161720	32,950728	-2,663970	1,218587	1,062387	219095,891530	42,997158	0,008160	-0,023231	0,000000	2,046143	-0,124324	-0,124327	14,051847	-0,009530	7,013710	1,801202
45,600000	7,191099	7,202247	5,911336	0,405749	7,993278	-6066,808717	909,740980	-2990,170655	9,030556	955,683952	31,455883	28,630432	31,145820	29,155968	32,948240	-2,663993	1,218144	1,064328	218986,289104	42,971284	0,008035	-0,023071	0,000000	2,046058	-0,124322	-0,124326	14,040546	-0,009152	6,995640	1,799801
45,800000	7,187597	7,197984	5,912743	0,405417	7,993081	-6329,647962	909,558459	-2990,240080	9,032834	954,438224	31,452792	28,632066	31,144456	29,156036	32,952313	-2,664100	1,214990	1,065257	218844,539617	42,943091	0,008200	-0,022960	0,000000	2,045507	-0,124317	-0,124321	14,029971	-0,009031	6,985915	1,798460
46,000000	7,184191	7,194605	5,909032	0,405496	7,997594	-6390,728668	909,683130	-2990,101631	9,035446	952,454903	31,451437	28,634274	31,143712	29,160122	32,958673	-2,664199	1,209456	1,063987	218811,311885	42,914642	0,008335	-0,022916	0,000000	2,045178	-0,124313	-0,124317	14,013441	-0,009158	6,982087	1,796323
46,200000	7,180976	7,192899	5,916044	0,406196	7,989317	-6023,229957	909,765708	-2989,933436	9,038017	951,057226	31,450690	28,633561	31,142228	29,164181	32,960731	-2,664176	1,205370	1,063541	218855,932940	42,890435	0,008457	-0,022786	0,000000	2,045222	-0,124311	-0,124320	14,001987	-0,009450	6,969591	1,794816
46,400000	7,177767	7,189862	5,913585	0,406373	8,000496	-5615,379230	909,707816	-2989,987080	9,040456	950,899723	31,449418	28,631845	31,139305	29,167321	32,958525	-2,664042	1,206168	1,062938	218876,525067	42,866274	0,008552	-0,022550	0,000000	2,045653	-0,124315	-0,124326	14,000991	-0,009778	6,965530	1,794647
46,600000	7,174483	7,186178	5,910126	0,405866	8,021510	-5516,108303	909,514781	-2990,169866	9,042796	951,105791	31,449456	28,630060	31,144510	29,168051	32,955287	-2,663859	1,210355	1,063462	218868,177170	42,837438	0,008513	-0,022580	0,000000	2,046283	-0,124324	-0,124327	14,002866	-0,009921	6,961358	1,794869
46,800000	7,171547	7,182801	5,921472	0,405923	8,015372	-5558,019747	909,403283	-2990,227987	9,045141	951,223900	31,449000	28,628556	31,152769	29,164655	32,952704	-2,663748	1,214378	1,065614	218876,697678	42,809239	0,008525	-0,022954	0,000000	2,046268	-0,124331	-0,124324	14,003754	-0,009815	6,942709	1,794996
47,000000	7,168751	7,179153	5,923797	0,406227	8,000585	-5731,551010	909,617617	-2990,149361	9,047562	951,230453	31,447280	28,628463	31,150461	29,158914	32,952671	-2,664017	1,215247	1,066396	218926,178768	42,785204	0,008543	-0,023381	0,000000	2,045519	-0,124330	-0,124316	14,003715	-0,009721	6,933327	1,795003
47,200000	7,165572	7,176088	5,905788	0,405890	7,996985	-6001,250274	910,099355	-2990,094387	9,049983	952,063030	31,447776	28,630304	31,142619	29,156881	32,956110	-2,664394	1,214191	1,065579	218946,512703	42,763546	0,008434	-0,023375	0,000000	2,044828	-0,124323	-0,124314	14,010944	-0,009953	6,945085	1,795901
47,400000	7,162159	7,173459	5,907967	0,405399	7,984630	-6079,900365	910,748706	-2990,013430	9,052467	953,242767	31,448584	28,634292	31,143173	29,161729	32,960700	-2,664369	1,215232	1,064329	218870,165946	42,741170	0,008245	-0,022943	0,000000	2,044839	-0,124316	-0,124324	14,021040	-0,010138	6,936941	1,797172
47,600000	7,158676	7,170099	5,924755	0,405291	7,971195	-5989,314410	910,925267	-2989,898190	9,055001	952,644557	31,445907	28,635795	31,150008	29,167550	32,962031	-2,664135	1,217719	1,063582	218820,640060	42,716307	0,008192	-0,022744	0,000000	2,045162	-0,124316	-0,124334	14,015938	-0,010061	6,913345	1,796528
47,800000	7,155325	7,166622	5,912427	0,405577	7,986003	-5848,199489	910,351783	-2989,884104	9,057387	951,298096	31,440117	28,633231	31,152538	29,170222	32,959708	-2,663966	1,218567	1,064812	218931,440914	42,691461	0,008378	-0,022900	0,000000	2,045474	-0,124321	-0,124333	14,004658	-0,010096	6,918833	1,795076
48,000000	7,152291	7,163897	5,893759	0,405822	7,997853	-5703,824971	909,757451	-2989,940484	9,059650	951,806433	31,435292	28,630388	31,149891	29,169264	32,957678	-2,663894	1,218077	1,065283	219056,490445	42,669106	0,008410	-0,022917	0,000000	2,046012	-0,124325	-0,124326	14,008906	-0,010072	6,931654	1,795624
48,200000	7,149357	7,161005	5,886401	0,405726	7,978258	-5574,551704	909,627449	-2990,092484	9,061995	954,047859	31,434779	28,628969	31,150003	29,163227	32,957597	-2,663854	1,217696	1,063997	219060,940161	42,647264	0,008251	-0,022726	0,000000	2,046177	-0,124328	-0,124323	14,027519	-0,009857	6,933093	1,798039
48,400000	7,146033	7,157167	5,891244	0,405561	7,967988	-5449,929472	909,605082	-2990,235971	9,064402	954,791018	31,436782	28,629390	31,156426	29,157331	32,955101	-2,663893	1,216433	1,064485	219018,998230	42,622834	0,008210	-0,022789	0,000000	2,045399	-0,124326	-0,124321	14,033566	-0,009664	6,921120	1,798840
48,600000	7,142230	7,153189	5,897192	0,405457	7,978721	-5425,477863	909,680502	-2990,128174	9,066763	952,877238	31,437624	28,631274	31,157315	29,157339	32,950490	-2,664099	1,214822	1,065892	218990,165072	42,598615	0,008120	-0,022943	0,000000	2,044433	-0,124318	-0,124317	14,017321	-0,009489	6,907812	1,796778
48,800000	7,138576	7,150349	5,880416	0,405434	7,972530	-5512,980641	910,006399	-2989,947292	9,069120	951,137541	31,437121	28,632024	31,147979	29,160526	32,950314	-2,664290	1,214925	1,066197	218972,397788	42,579218	0,008155	-0,022945	0,000000	2,044696	-0,124316	-0,124318	14,002716	-0,009504	6,918879	1,794903
49,000000	7,135463	7,148222	5,869424	0,405463	7,954691	-5577,034964	910,076505	-2989,985651	9,071492	950,840122	31,436494	28,631966	31,142129	29,162791	32,953969	-2,664278	1,216193	1,065166	218970,157865	42,561612	0,008526	-0,023038	0,000000	2,045789	-0,124322	-0,124321	14,000501	-0,009789	6,925159	1,794582
49,200000	7,132636	7,144921	5,883293	0,405639	7,959288	-5624,342167	909,820283	-2990,113663	9,073954	951,940948	31,433313	28,632880	31,147935	29,163865	32,958829	-2,664092	1,217577	1,062612	218977,339795	42,540355	0,008627	-0,023168	0,000000	2,046337	-0,124325	-0,124324	14,009959	-0,009994	6,905038	1,795769
49,400000	7,130002	7,141024	5,887753	0,405792	7,972133	-5732,918456	909,446092	-2990,160427	9,076552	954,197178	31,427151	28,632788	31,155017	29,164803	32,962442	-2,663990	1,218500	1,061771	218977,011956	42,515758	0,008428	-0,023233	0,000000	2,046221	-0,124324	-0,124327	14,028723	-0,009806	6,893429	1,798200
49,600000	7,127457	7,138296	5,887120	0,405698	7,962311	-5920,346586	908,985168	-2990,222194	9,078989	954,860578	31,424030	28,630619	31,155541	29,165876	32,960997	-2,664125	1,218016	1,064346	218980,816777	42,492414	0,008292	-0,023313	0,000000	2,045839	-0,124321	-0,124328	14,033804	-0,009319	6,888028	1,798914
49,800000	7,124152	7,135134	5,892180	0,405631	7,953800	-6096,901025	908,773963	-2990,255426	9,081329	953,794038	31,427143	28,628928	31,151688	29,166685	32,956614	-2,664233	1,217702	1,067007	219004,028972	42,471558	0,008180	-0,023253	0,000000	2,045632	-0,124317	-0,124324	14,024590	-0,009059	6,876856	1,797766
50,000000	7,120422	7,131738	5,882287	0,405724	7,970172	-6041,639569	909,213767	-2990,107694	9,083921	954,103487	31,431848	28,629595	31,145950	29,165045	32,953398	-2,664195	1,217971	1,067702	219023,530929	42,449925	0,008266	-0,023143	0,000000	2,045848	-0,124317	-0,124324	14,027608	-0,009478	6,880222	1,798099
50,200000	7,117248	7,129280	5,874854	0,405455	7,983685	-5811,327182	909,844085	-2989,953695	9,086500	955,262929	31,432581	28,631039	31,143519	29,160685	32,951018	-2,664176	1,217456	1,065555	219001,859829	42,427904	0,008468	-0,023247	0,000000	2,046178	-0,124321	-0,124326	14,037944	-0,010083	6,881926	1,799348
50,400000	7,114417	7,125960	5,875582	0,404763	7,978342	-5747,238577	909,939188	-2989,989379	9,088870	955,624731	31,427694	28,631571	31,147099	29,157484	32,951482	-2,664216	1,216890	1,062532	218930,716733	42,407118	0,008427	-0,023167	0,000000	2,046078	-0,124325	-0,124326	14,041173	-0,010276	6,875080	1,799737
50,600000	7,111788	7,122843	5,886762	0,404849	7,966532	-5909,008729	909,588776	-2990,105464	9,091139	954,642448	31,421465	28,631468	31,151771	29,158991	32,957037	-2,664205	1,216101	1,061567	218837,715470	42,386379	0,008269	-0,022844	0,000000	2,045627	-0,124326	-0,124322	14,032925	-0,010271	6,858017	1,798680
50,800000	7,108938	7,120539	5,902143	0,405833	7,962116	-6036,695263	909,466034	-2990,150938	9,093435	952,446012	31,418132	28,631802	31,151107	29,163889	32,961807	-2,664196	1,216264	1,063311	218794,783394	42,366029	0,008300	-0,022907	0,000000	2,045586	-0,124326	-0,124320	14,014410	-0,010201	6,837458	1,796314
51,000000	7,105614	7,114196	5,891046	0,406082	7,965574	-6087,762209	909,642266	-2990,131446	9,095889	950,973335	31,417135	28,631961	31,148566	29,166386	32,959901	-2,664268	1,216603	1,064884	218820,937861	42,345061	0,008381	-0,023215	0,000000	2,046373	-0,124327	-0,124322	14,001766	-0,009935	6,839677	1,794726
51,200000	7,102053	7,104523	5,884622	0,405380	7,965778	-6088,895926	909,735844	-2990,126039	9,098381	951,766973	31,418932	28,630520	31,147158	29,163891	32,953154	-2,664242	1,215197	1,065142	218799,753832	42,326017	0,008254	-0,023243	0,000000	2,047134	-0,124331	-0,124324	14,008137	-0,009634	6,834818	1,795582
51,400000	7,097851	7,097231	5,932470	0,404966	7,995391	-5852,037969	909,820088	-2990,137316	9,100890	954,108620	31,423138	28,629091	31,147614	29,159748	32,949663	-2,663999	1,214248	1,065662	218678,280682	42,320238	0,008176	-0,023082	0,000000	2,046815	-0,124328	-0,124320	14,027801	-0,009628	6,780563	1,798105
51,600000	7,092751	7,092620	5,994143	0,404905	8,091294	-5737,619578	910,130192	-2990,049641	9,103407	955,686557	31,424151	28,629834	31,154482	29,157737	32,952031	-2,663647	1,214599	1,066267	218573,134381	42,328552	0,008340	-0,023015	0,000000	2,045906	-0,124317	-0,124316	14,041238	-0,009822	6,718298	1,799803
51,800000	7,087321	7,090157	6,023086	0,405385	8,189811	-6177,540239	910,385297	-2989,872468	9,105868	954,929484	31,419673	28,631561	31,159197	29,157789	32,956151	-2,663649	1,214640	1,065853	218595,317519	42,336064	0,008512	-0,023032	0,000000	2,045163	-0,124308	-0,124314	14,034935	-0,009872	6,689778	1,798989
52,000000	7,082347	7,087416	6,062848	0,405998	8,220906	-6636,460306	910,357922	-2989,759259	9,108230	952,588444	31,416256	28,631662	31,155433	29,159947	32,959916	-2,663936	1,212766	1,064704	218695,764930	42,330471	0,008614	-0,023063	0,000000	2,045012	-0,124311	-0,124315	14,015140	-0,009735	6,648830	1,796467
52,200000	7,077738	7,082645	6,116941	0,405515	8,228789	-6698,590017	910,483303	-2989,819998	9,110486	950,996680	31,417161	28,631743	31,151306	29,164453	32,961201	-2,663902	1,210984	1,063577	218686,609058	42,312099	0,008659	-0,023044	0,000000	2,045798	-0,124321	-0,124321	14,001643	-0,009615	6,591355	1,794751
52,400000	7,072948	7,078470	6,131306	0,405085	8,265712	-6659,229059	910,774833	-2989,976750	9,112823	950,881391	31,415624	28,634131	31,153908	29,168224	32,960464	-2,663679	1,212768	1,062943	218528,847846	42,293157	0,008721	-0,022740	0,000000	2,046728	-0,124323	-0,124324	14,000531	-0,009472	6,571712	1,794627
52,600000	7,068307	7,075739	6,137239	0,405526	8,290815	-6707,627349	910,409660	-2990,029969	9,115285	952,056361	31,409609	28,633740	31,160688	29,168240	32,959705	-2,663543	1,214711	1,063998	218439,588721	42,282980	0,008760	-0,022514	0,000000	2,046733	-0,124319	-0,124320	14,010181	-0,009245	6,562593	1,795894
52,800000	7,064536	7,072472	6,171443	0,405665	8,289287	-6578,356201	909,527332	-2989,944630	9,117744	953,395464	31,406963	28,622756	31,162160	29,163488	32,959837	-2,663521	1,214135	1,064975	218468,100672	42,275887	0,008615	-0,022806	0,000000	2,046310	-0,124318	-0,124319	14,021381	-0,009197	6,527772	1,797337
53,000000	7,061094	7,067750	6,195633	0,405271	8,314675	-6305,186819	909,412892	-2989,860412	9,120106	952,751382	31,410333	28,593243	31,157706	29,157613	32,960806	-2,663615	1,213703	1,066032	218433,201744	42,264062	0,008496	-0,022999	0,000000	2,046079	-0,124321	-0,124319	14,016213	-0,009439	6,500709	1,796643
53,200000	7,056964	7,063797	6,194297	0,404743	8,350780	-6316,866760	910,402408	-2989,784663	9,122412	951,339645	31,414890	28,553741	31,154271	29,156014	32,960904	-2,663714	1,214326	1,065718	218423,241393	42,250870	0,008592	-0,022723	0,000000	2,045642	-0,124322	-0,124315	14,004693	-0,009782	6,497491	1,795121
53,400000	7,052230	7,059832	6,191174	0,404577	8,342132	-6559,620770	911,550147	-2989,634217	9,124734	950,950698	31,415467	28,524711	31,155566	29,158892	32,960247	-2,663790	1,215233	1,064029	218596,049981	42,242150	0,008632	-0,022574	0,000000	2,045289	-0,124318	-0,124312	14,001448	-0,009807	6,496440	1,794702
53,600000	7,047736	7,055001	6,189788	0,405389	8,321257	-6771,552708	911,831432	-2989,550221	9,126970	951,098649	31,410647	28,508909	31,155759	29,162854	32,961585	-2,663794	1,215122	1,063916	218751,454381	42,236011	0,008414	-0,022795	0,000000	2,045732	-0,124318	-0,124314	14,002505	-0,009620	6,493200	1,794861
53,800000	7,044268	7,051528	6,179300	0,406384	8,330398	-6781,600739	911,281498	-2989,640354	9,129020	952,082729	31,405128	28,501817	31,151976	29,164307	32,964757	-2,663621	1,214906	1,064218	218739,873029	42,230379	0,008179	-0,022894	0,000000	2,046611	-0,124321	-0,124316	14,010948	-0,009791	6,499100	1,795922
54,000000	7,040939	7,048203	6,181283	0,406583	8,336841	-6579,036252	910,761841	-2989,808193	9,131278	953,297556	31,403613	28,500532	31,153143	29,162383	32,965573	-2,663368	1,216189	1,066141	218663,870573	42,226854	0,008282	-0,022722	0,000000	2,046982	-0,124318	-0,124316	14,021278	-0,009916	6,494125	1,797231
54,200000	7,036638	7,044533	6,186577	0,406104	8,321768	-6340,121425	910,541630	-2989,942547	9,133835	952,704503	31,403478	28,501567	31,158715	29,160301	32,963111	-2,663375	1,217811	1,067047	218627,114336	42,224793	0,008567	-0,022692	0,000000	2,046707	-0,124314	-0,124315	14,016025	-0,009644	6,486149	1,796592
54,400000	7,032392	7,041044	6,170436	0,405700	8,322531	-6104,449165	910,379253	-2989,955005	9,136125	951,373592	31,403164	28,502935	31,159479	29,159654	32,958357	-2,663624	1,218412	1,064423	218650,251992	42,223149	0,008596	-0,022859	0,000000	2,046069	-0,124318	-0,124317	14,004644	-0,009447	6,497682	1,795158
54,600000	7,029029	7,036520	6,160681	0,406071	8,332781	-5892,224254	910,577609	-2989,874772	9,138152	950,992596	31,406340	28,487255	31,155613	29,158337	32,955038	-2,663802	1,217242	1,063762	218683,822045	42,222452	0,008661	-0,022895	0,000000	2,045555	-0,124323	-0,124319	14,001467	-0,009473	6,503035	1,794747
54,800000	7,025636	7,032031	6,166245	0,406447	8,322053	-5759,345239	911,279221	-2989,788532	9,140328	951,103311	31,409515	28,447956	31,153290	29,156709	32,957753	-2,663844	1,215660	1,064971	218697,371788	42,224121	0,008819	-0,022888	0,000000	2,045754	-0,124320	-0,124318	14,002521	-0,009597	6,495410	1,794866
55,000000	7,021579	7,028154	6,162117	0,406589	8,311801	-5865,559421	911,492726	-2989,799343	9,142558	950,363481	31,405916	28,402615	31,154138	29,156086	32,962411	-2,663831	1,216425	1,065689	218710,921518	42,228705	0,008605	-0,023018	0,000000	2,046282	-0,124320	-0,124316	13,996116	-0,009412	6,497737	1,794068
55,200000	7,017458	7,024831	6,156532	0,406892	8,308616	-6248,527101	910,744896	-2989,901290	9,144754	949,225466	31,397764	28,357935	31,157763	29,157465	32,964562	-2,663709	1,218305	1,066103	218758,428203	42,232954	0,008373	-0,023044	0,000000	2,046383	-0,124323	-0,124314	13,986125	-0,008995	6,501835	1,792840
55,400000	7,013595	7,021940	6,168293	0,406470	8,298008	-6472,872813	910,027593	-2989,953058	9,147150	949,799130	31,392717	28,322231	31,160381	29,161743	32,965402	-2,663525	1,218991	1,065084	218840,781624	42,233643	0,008509	-0,023022	0,000000	2,046223	-0,124322	-0,124317	13,991105	-0,009148	6,489753	1,793459
55,600000	7,009757	7,018597	6,170304	0,405849	8,300046	-6403,865366	910,047911	-2989,884022	9,149417	951,065787	31,392616	28,299915	31,157320	29,165396	32,964371	-2,663521	1,219292	1,064302	218873,975728	42,231967	0,008720	-0,022996	0,000000	2,046273	-0,124315	-0,124323	14,002319	-0,009710	6,485388	1,794826
55,800000	7,006046	7,013998	6,156539	0,405918	8,311065	-6382,221962	910,528536	-2989,791629	9,151670	952,304735	31,394275	28,287617	31,153902	29,163850	32,959841	-2,663610	1,219676	1,064745	218829,252884	42,231251	0,008720	-0,022785	0,000000	2,046189	-0,124312	-0,124326	14,012905	-0,009882	6,494234	1,796161
56,000000	7,002347	7,008982	6,153480	0,405937	8,297819	-6318,725952	910,902026	-2989,793974	9,154207	953,423436	31,395985	28,285096	31,155218	29,157938	32,954880	-2,663545	1,218234	1,064405	218786,806034	42,234500	0,008581	-0,022682	0,000000	2,046039	-0,124316	-0,124322	14,022038	-0,009618	6,493524	1,797367
56,200000	6,998437	7,005913	6,159912	0,405788	8,282527	-6068,823910	911,027410	-2989,832388	9,156472	953,586645	31,395928	28,287439	31,158403	29,154220	32,953923	-2,663494	1,215274	1,063561	218785,964851	42,243255	0,008379	-0,022796	0,000000	2,046108	-0,124320	-0,124315	14,023340	-0,009550	6,486552	1,797543
56,400000	6,994646	7,002507	6,145601	0,405808	8,296811	-6003,226226	910,881266	-2989,847745	9,158479	954,275475	31,394110	28,289564	31,159200	29,156707	32,956969	-2,663711	1,213507	1,064897	218847,133039	42,254860	0,008342	-0,022891	0,000000	2,045759	-0,124320	-0,124312	14,029450	-0,009876	6,498549	1,798284
56,600000	6,990952	6,997865	6,120468	0,405746	8,298550	-6221,316903	910,457943	-2989,807743	9,160439	955,373130	31,392710	28,289446	31,159185	29,161953	32,961491	-2,663970	1,212983	1,066520	218952,645570	42,265221	0,008500	-0,022892	0,000000	2,045242	-0,124317	-0,124319	14,038870	-0,010083	6,519336	1,799466
56,800000	6,986995	6,994553	6,123702	0,405860	8,267624	-6365,787919	910,154097	-2989,755907	9,162473	955,668964	31,390450	28,288790	31,157773	29,164299	32,964420	-2,664054	1,213309	1,064443	219008,774730	42,275528	0,008472	-0,022881	0,000000	2,045517	-0,124316	-0,124325	14,041155	-0,009886	6,515240	1,799785
57,000000	6,983080	6,991573	6,127506	0,405849	8,258214	-6342,592266	910,206194	-2989,847538	9,164809	955,580039	31,387144	28,288994	31,153611	29,163566	32,962824	-2,663965	1,214773	1,063195	219003,712124	42,287855	0,008440	-0,022881	0,000000	2,046575	-0,124318	-0,124326	14,040154	-0,009632	6,511127	1,799689
57,200000	6,979512	6,987629	6,125916	0,405596	8,272366	-6307,640451	910,315115	-2990,030548	9,167152	954,604360	31,385959	28,289120	31,156101	29,162560	32,958583	-2,663630	1,215425	1,065014	219013,934143	42,299396	0,008477	-0,022748	0,000000	2,047171	-0,124325	-0,124323	14,031920	-0,009585	6,511190	1,798639
57,400000	6,975882	6,983738	6,137779	0,405973	8,266279	-6179,901081	910,303845	-2990,065587	9,169472	953,382877	31,384537	28,288087	31,161580	29,159391	32,957039	-2,663358	1,214306	1,065703	219064,919076	42,309915	0,008463	-0,022602	0,000000	2,046415	-0,124328	-0,124322	14,021656	-0,009577	6,498934	1,797323
57,600000	6,972307	6,980705	6,153088	0,406213	8,263884	-5991,967887	910,472643	-2989,895268	9,171889	954,031366	31,382356	28,286418	31,159501	29,154216	32,959848	-2,663398	1,213895	1,065751	219139,292948	42,323066	0,008557	-0,022810	0,000000	2,045327	-0,124327	-0,124319	14,026892	-0,009368	6,484540	1,798022
57,800000	6,969087	6,977530	6,154009	0,405892	8,287912	-5913,204511	911,219646	-2989,673175	9,174154	955,427442	31,383702	28,287321	31,155408	29,151408	32,963630	-2,663507	1,214550	1,066468	219218,886196	42,337799	0,008654	-0,023244	0,000000	2,044743	-0,124325	-0,124317	14,038255	-0,009013	6,483266	1,799525
58,000000	6,965639	6,974469	6,136106	0,405686	8,293176	-5819,520667	911,891955	-2989,567278	9,176324	954,917016	31,385624	28,290239	31,154643	29,153747	32,963699	-2,663543	1,214352	1,066371	219243,272546	42,351013	0,008646	-0,023354	0,000000	2,044713	-0,124321	-0,124318	14,034011	-0,009052	6,499008	1,798975
58,200000	6,961929	6,970579	6,121847	0,405555	8,270465	-5670,530752	911,674526	-2989,617951	9,178656	952,663472	31,382624	28,290537	31,157206	29,160112	32,961062	-2,663483	1,214421	1,065802	219256,906331	42,363179	0,008613	-0,023083	0,000000	2,045307	-0,124314	-0,124319	14,015383	-0,009347	6,510777	1,796548
58,400000	6,958472	6,965267	6,110742	0,405768	8,259477	-5666,174730	910,875814	-2989,731398	9,181143	951,956289	31,375371	28,289536	31,159368	29,164517	32,958931	-2,663473	1,215581	1,064226	219334,597657	42,376472	0,008564	-0,022934	0,000000	2,046472	-0,124315	-0,124320	14,009331	-0,009237	6,518721	1,795786
58,600000	6,955208	6,961350	6,108204	0,406483	8,253697	-5903,158149	910,081690	-2989,874673	9,183546	953,926039	31,369840	28,289353	31,153109	29,162513	32,959151	-2,663561	1,214406	1,064040	219393,960358	42,394751	0,008458	-0,023116	0,000000	2,047553	-0,124322	-0,124321	14,025576	-0,008936	6,520519	1,797908
58,800000	6,951715	6,958378	6,108675	0,406839	8,236559	-6141,826569	909,766491	-2990,000194	9,185820	955,663325	31,369022	28,288155	31,148088	29,156652	32,961731	-2,663562	1,210545	1,066112	219435,627102	42,417875	0,008452	-0,023241	0,000000	2,047429	-0,124327	-0,124318	14,040182	-0,008960	6,521119	1,799778
59,000000	6,947880	6,954517	6,105761	0,406662	8,229075	-6274,271238	909,869321	-2989,988744	9,188143	955,913430	31,370828	28,286731	31,155782	29,153607	32,960289	-2,663582	1,208943	1,065710	219506,566713	42,438980	0,008567	-0,023059	0,000000	2,046231	-0,124328	-0,124314	14,042398	-0,009078	6,524069	1,800048
59,200000	6,943898	6,950979	6,102211	0,406515	8,233410	-6324,336930	910,217333	-2989,875140	9,190390	955,680508	31,372585	28,286653	31,160092	29,155702	32,955257	-2,663780	1,209729	1,065865	219611,164104	42,456869	0,008632	-0,022912	0,000000	2,045125	-0,124322	-0,124313	14,040357	-0,008991	6,527273	1,799797
59,400000	6,939991	6,948234	6,102684	0,406267	8,234205	-6238,215697	910,576973	-2989,792708	9,192467	954,641328	31,373323	28,286892	31,152125	29,158593	32,954387	-2,664014	1,206653	1,066176	219756,067483	42,474851	0,008657	-0,022955	0,000000	2,045068	-0,124318	-0,124316	14,031751	-0,009106	6,527164	1,798678
59,600000	6,936528	6,944110	6,108325	0,406015	8,236294	-6103,320527	910,588298	-2989,786600	9,194597	953,376303	31,372622	28,288052	31,147700	29,159241	32,958705	-2,663945	1,201092	1,063759	219864,143988	42,492523	0,008672	-0,022857	0,000000	2,045819	-0,124319	-0,124319	14,021554	-0,009530	6,521175	1,797316
59,800000	6,933338	6,940450	6,101773	0,406094	8,239567	-5982,680016	910,094658	-2989,821291	9,196845	953,988150	31,368558	28,288610	31,154873	29,158555	32,964520	-2,663593	1,199601	1,061753	219918,541037	42,511223	0,008669	-0,022614	0,000000	2,046336	-0,124322	-0,124317	14,026888	-0,009726	6,527203	1,797975
60,000000	6,930133	6,938229	6,096183	0,406211	8,235025	-5895,732261	909,307360	-2989,935936	9,199316	955,364247	31,363019	28,286066	31,162928	29,157121	32,966701	-2,663447	1,202012	1,062519	219964,959261	42,532949	0,008555	-0,022493	0,000000	2,046140	-0,124322	-0,124318	14,038273	-0,009561	6,534092	1,799457
60,200000	6,926858	6,934557	6,092183	0,406106	8,231116	-5817,021480	909,160177	-2990,039007	9,201907	955,764671	31,360830	28,283607	31,163417	29,155937	32,963559	-2,663626	1,207226	1,065486	219982,673990	42,554453	0,008458	-0,022489	0,000000	2,045834	-0,124318	-0,124326	14,041436	-0,009364	6,538123	1,799888
