LabVIEW Measurement	
Writer_Version	2
Reader_Version	2
Separator	Tab
Decimal_Separator	,
Multi_Headings	No
X_Columns	One
Time_Pref	Absolute
Operator	Pos-Oscar
Date	2025/03/10
Time	11:17:54,1237699700584659684
***End_of_Header***	
	
Channels	30																														
Samples	1	1	1	1	1	1	1	1	1	1	1	1	1	1	1	1	1	1	1	1	1	1	1	1	1	1	1	1	1	1	
Date	2025/03/10	2025/03/10	2025/03/10	2025/03/10	2025/03/10	2025/03/10	2025/03/10	2025/03/10	2025/03/10	2025/03/10	2025/03/10	2025/03/10	2025/03/10	2025/03/10	2025/03/10	2025/03/10	2025/03/10	2025/03/10	2025/03/10	2025/03/10	2025/03/10	2025/03/10	2025/03/10	2025/03/10	2025/03/10	2025/03/10	2025/03/10	2025/03/10	2025/03/10	2025/03/10	
Time	15:32:40,9239570906903266017	15:32:40,9239633279904394452	15:32:40,9237824446573524777	15:32:40,9238136313907473389	15:32:40,9238448183569728438	15:32:40,9238884796905933921	15:32:40,9238572929571985308	15:32:40,9238822423904805485	15:32:40,9238323435239165131	15:32:40,9238884796905933921	15:32:40,9238635302573113743	15:32:40,9238572929571985308	15:32:40,923876005090367705	15:32:40,9239071918237625662	15:32:40,9239383785571574275	15:32:40,9238697675574242179	15:32:40,9237699700571267907	15:32:40,9237762073572396342	15:32:40,9238884796905933921	15:32:40,9237699700571267907	15:32:40,9237762073572396342	15:32:40,9237824446573524777	15:32:40,9237824446573524777	15:32:40,9237886819574653212	15:32:40,9237949194904088084	15:32:40,9238011567905216519	15:32:40,9238323435239165131	15:32:40,9238385808240293566	15:32:40,9238385808240293566	15:32:40,9238385808240293566	
Y_Unit_Label	Volts	Volts	Volts	Volts	Volts	Volts	Volts	Volts	Volts	Volts	Volts	Volts	Volts	Volts	Volts	Volts	Volts	Volts	Volts	Volts	Volts	Volts	Volts	Volts	Volts	Volts	Volts	Volts	Volts	Volts	
X_Dimension	Time	Time	Time	Time	Time	Time	Time	Time	Time	Time	Time	Time	Time	Time	Time	Time	Time	Time	Time	Time	Time	Time	Time	Time	Time	Time	Time	Time	Time	Time	
X0	0,0000000000000000E+0	0,0000000000000000E+0	0,0000000000000000E+0	0,0000000000000000E+0	0,0000000000000000E+0	0,0000000000000000E+0	0,0000000000000000E+0	0,0000000000000000E+0	0,0000000000000000E+0	0,0000000000000000E+0	0,0000000000000000E+0	0,0000000000000000E+0	0,0000000000000000E+0	0,0000000000000000E+0	0,0000000000000000E+0	0,0000000000000000E+0	0,0000000000000000E+0	0,0000000000000000E+0	0,0000000000000000E+0	0,0000000000000000E+0	0,0000000000000000E+0	0,0000000000000000E+0	0,0000000000000000E+0	0,0000000000000000E+0	0,0000000000000000E+0	0,0000000000000000E+0	0,0000000000000000E+0	0,0000000000000000E+0	0,0000000000000000E+0	0,0000000000000000E+0	
Delta_X	0,200000	0,200000	0,200000	0,200000	0,200000	0,200000	0,200000	0,200000	0,200000	0,200000	0,200000	0,200000	0,200000	0,200000	0,200000	0,200000	0,200000	0,200000	0,200000	0,200000	0,200000	0,200000	0,200000	0,200000	0,200000	0,200000	0,200000	0,200000	0,200000	0,200000	
***End_of_Header***																															
X_Value	PIT-A-0101	PIT-A-0301	PIT-M-0101	PIT-O-0301	PIT-W-0301	PDT-M-0101-40kPa	PDT-M-0101B-10kPa	PDT-M-0101C-3kPa	PIT-A-AUX	Model Pressure Drop	TIT-A-0101	TIT-A-0301	TIT-M-0101	TIT-O-0301	TIT-W-0301	LV-O-0X01	LV-W-0X01	LV-M-0X01	Densitometro	FT-A-0301	FT-A-0302	FT-A-0303	FT-A-0303 1	FT-O-0301	FT-O-0302	FT-O-0303	FT-W-0301	FT-W-0302	J Ar	J Água	Comment
0,000000	7,880250	7,887980	6,409997	0,408993	8,623683	-7287,003855	914,972190	-2989,087286	7,727164	954,726937	31,814906	28,538073	31,150615	29,276610	32,945645	-2,663102	1,203553	1,069314	218645,193052	43,278527	0,008391	-0,021799	0,000000	2,045515	-0,124312	-0,124308	14,033473	-0,010109	7,123641	1,798771
0,200000	7,875106	7,884331	6,392034	0,409098	8,623955	-7486,480656	915,006242	-2989,216353	7,725594	952,666085	31,813482	28,546351	31,153399	29,276689	32,948322	-2,662988	1,204777	1,070039	218733,846477	43,287936	0,008240	-0,021322	0,000000	2,046482	-0,124315	-0,124313	14,016913	-0,010855	7,139461	1,796551
0,400000	7,870058	7,878823	6,406673	0,408934	8,603322	-7585,118387	914,608053	-2989,384233	7,723881	950,923933	31,808584	28,549458	31,158948	29,276623	32,954505	-2,662809	1,205511	1,068743	218894,052554	43,299462	0,008389	-0,020961	0,000000	2,047290	-0,124316	-0,124316	14,002584	-0,011168	7,122851	1,794673
0,600000	7,865396	7,873369	6,406237	0,408942	8,605630	-7627,490736	913,760100	-2989,447099	7,722388	950,704946	31,803370	28,546858	31,158930	29,275528	32,958682	-2,662714	1,205102	1,067224	219039,661594	43,312197	0,008527	-0,020979	0,000000	2,047427	-0,124313	-0,124319	14,000532	-0,010957	7,121042	1,794437
0,800000	7,860959	7,869528	6,403804	0,409059	8,618622	-7597,422897	913,823757	-2989,413353	7,721120	950,131128	31,803734	28,543752	31,152594	29,273770	32,958868	-2,662641	1,206170	1,068606	219105,550370	43,327814	0,008473	-0,021237	0,000000	2,047140	-0,124311	-0,124318	13,995162	-0,010412	7,122787	1,793818
1,000000	7,856154	7,864277	6,424222	0,409137	8,603770	-7547,746054	914,911174	-2989,353012	7,719949	949,122147	31,810064	28,544912	31,147342	29,275587	32,955815	-2,662674	1,207772	1,069890	219119,950160	43,343758	0,008404	-0,021371	0,000000	2,046549	-0,124312	-0,124312	13,986162	-0,009901	7,101409	1,792729
1,200000	7,850551	7,858094	6,421051	0,409553	8,593196	-7584,030447	915,496176	-2989,310571	7,718722	949,749972	31,814141	28,547015	31,145477	29,277803	32,951185	-2,662904	1,208174	1,068221	219116,884147	43,357305	0,008388	-0,021276	0,000000	2,046092	-0,124312	-0,124307	13,991305	-0,009762	7,101606	1,793406
1,400000	7,844851	7,853985	6,393550	0,409461	8,610934	-7674,200244	914,932686	-2989,306055	7,717253	951,046771	31,809693	28,546634	31,147307	29,274885	32,948004	-2,663069	1,208683	1,067846	219115,144832	43,372246	0,008424	-0,021283	0,000000	2,045902	-0,124312	-0,124306	14,002385	-0,009936	7,127262	1,794805
1,600000	7,839944	7,849426	6,386963	0,408373	8,613948	-7720,238517	914,097373	-2989,397707	7,715585	951,371443	31,800573	28,545489	31,150320	29,270103	32,950420	-2,662973	1,208780	1,070161	219116,917830	43,389981	0,008381	-0,021356	0,000000	2,045945	-0,124313	-0,124306	14,005473	-0,010294	7,132962	1,795155
1,800000	7,835608	7,843438	6,378289	0,407898	8,598991	-7588,822865	913,817366	-2989,490610	7,713916	951,211778	31,793867	28,545399	31,150403	29,269749	32,957031	-2,662906	1,208364	1,071177	219113,873732	43,406156	0,008331	-0,021379	0,000000	2,046285	-0,124317	-0,124310	14,004444	-0,010608	7,139184	1,794983
2,000000	7,831196	7,839240	6,366730	0,408512	8,598455	-7390,859458	913,754086	-2989,505858	7,712467	951,108319	31,791997	28,545702	31,150902	29,274857	32,960552	-2,662994	1,208907	1,068142	219134,542633	43,421213	0,008470	-0,021459	0,000000	2,046635	-0,124318	-0,124319	14,003459	-0,010493	7,149488	1,794872
2,200000	7,826526	7,835236	6,378551	0,409089	8,594661	-7325,001565	913,798984	-2989,435042	7,711214	950,261129	31,793695	28,513892	31,151636	29,279311	32,957282	-2,662984	1,209142	1,065783	219237,399401	43,437098	0,008555	-0,021562	0,000000	2,047059	-0,124316	-0,124323	13,995880	-0,010037	7,138171	1,793958
2,400000	7,821613	7,829862	6,376916	0,409265	8,569380	-7243,414745	914,313214	-2989,343630	7,710020	949,105912	31,796731	28,426705	31,148788	29,278305	32,950013	-2,662849	1,207839	1,066608	219338,993620	43,449952	0,008443	-0,021495	0,000000	2,047298	-0,124318	-0,124319	13,985854	-0,009730	7,139557	1,792711
2,600000	7,816645	7,825208	6,348263	0,409027	8,555501	-6972,138354	914,597259	-2989,376032	7,708752	949,692880	31,798706	28,345001	31,145892	29,274308	32,946060	-2,662812	1,206117	1,067129	219328,514541	43,457888	0,008403	-0,021271	0,000000	2,046829	-0,124322	-0,124310	13,991051	-0,009988	7,166882	1,793345
2,800000	7,811877	7,820830	6,347691	0,408943	8,562574	-6669,226289	914,187001	-2989,404230	7,707419	950,069084	31,799442	28,319315	31,149258	29,271315	32,949645	-2,662763	1,205654	1,067993	219245,090349	43,462678	0,008522	-0,021299	0,000000	2,046173	-0,124322	-0,124306	13,994935	-0,010707	7,165372	1,793751
3,000000	7,807142	7,815172	6,382363	0,409189	8,562762	-6526,391888	914,019175	-2989,254011	7,705969	948,317428	31,798806	28,325195	31,154193	29,269688	32,955129	-2,662789	1,206287	1,068443	219154,484335	43,466760	0,008589	-0,021590	0,000000	2,045878	-0,124316	-0,124307	13,980517	-0,011029	7,127721	1,791860
3,200000	7,802544	7,809783	6,382408	0,408693	8,559386	-6577,274559	914,154145	-2989,146448	7,704284	947,646930	31,796348	28,332424	31,152139	29,270719	32,956741	-2,663042	1,205540	1,067845	219150,487165	43,475471	0,008487	-0,021721	0,000000	2,045915	-0,124312	-0,124311	13,974429	-0,010586	7,124515	1,791136
3,400000	7,797875	7,806094	6,350262	0,407914	8,560253	-6714,670006	913,877512	-2989,303704	7,702695	949,529775	31,794050	28,333793	31,148895	29,275688	32,955254	-2,663145	1,202149	1,067898	219250,463709	43,492125	0,008315	-0,021740	0,000000	2,046319	-0,124310	-0,124317	13,989837	-0,010146	7,155354	1,793169
3,600000	7,792663	7,801995	6,335846	0,407816	8,551185	-6680,622152	913,596463	-2989,529875	7,701338	952,118123	31,791202	28,332660	31,151444	29,279164	32,952784	-2,663018	1,199422	1,067817	219343,994215	43,511046	0,008250	-0,021804	0,000000	2,046854	-0,124314	-0,124318	14,011558	-0,010104	7,169302	1,795960
3,800000	7,787538	7,796648	6,327385	0,408085	8,539987	-6560,774915	913,441272	-2989,639945	7,699926	954,486179	31,785522	28,332032	31,156246	29,276943	32,950652	-2,662995	1,201913	1,069018	219408,840932	43,524865	0,008367	-0,021824	0,000000	2,047180	-0,124317	-0,124313	14,031401	-0,010059	7,175633	1,798511
4,000000	7,783090	7,791296	6,322167	0,407978	8,532589	-6654,954007	913,339410	-2989,669675	7,698580	955,740289	31,782325	28,331984	31,158101	29,272166	32,950717	-2,663189	1,206363	1,070590	219415,225119	43,536267	0,008484	-0,021652	0,000000	2,047251	-0,124319	-0,124311	14,041898	-0,010031	7,178303	1,799861
4,200000	7,778859	7,786322	6,342931	0,407445	8,516289	-6744,515603	913,980756	-2989,637167	7,697469	955,711302	31,786586	28,333383	31,154172	29,269143	32,952772	-2,663201	1,208900	1,069490	219393,678495	43,551351	0,008462	-0,021397	0,000000	2,046796	-0,124320	-0,124312	14,041891	-0,010268	7,156260	1,799830
4,400000	7,774160	7,782122	6,363599	0,407350	8,510837	-6546,037565	914,810385	-2989,517514	7,696214	954,545719	31,791911	28,334755	31,149798	29,270021	32,953389	-2,663005	1,210396	1,066274	219513,362113	43,568707	0,008529	-0,021566	0,000000	2,046258	-0,124318	-0,124308	14,032416	-0,010574	7,135426	1,798575
4,600000	7,768992	7,778271	6,341846	0,407412	8,532444	-6401,035753	914,610475	-2989,392223	7,694648	952,351656	31,790686	28,333990	31,149127	29,273482	32,950909	-2,662979	1,209916	1,064383	219713,461485	43,584805	0,008713	-0,022060	0,000000	2,046381	-0,124314	-0,124304	14,014082	-0,010665	7,156105	1,796212
4,800000	7,763954	7,773356	6,302931	0,407171	8,535740	-6589,891055	913,708447	-2989,385567	7,693089	950,898524	31,784723	28,332798	31,148439	29,275824	32,949119	-2,663149	1,208700	1,066324	219818,901159	43,598485	0,008631	-0,022183	0,000000	2,046968	-0,124310	-0,124307	14,001745	-0,010542	7,192536	1,794645
5,000000	7,759139	7,767690	6,299569	0,407211	8,505486	-6774,462874	913,099867	-2989,486761	7,691584	950,796009	31,779762	28,332997	31,151411	29,275116	32,951395	-2,663233	1,208552	1,069139	219832,942584	43,609890	0,008352	-0,021773	0,000000	2,047502	-0,124307	-0,124311	14,000776	-0,010435	7,193145	1,794535
5,200000	7,754304	7,762770	6,309467	0,407502	8,497648	-6865,515387	912,930347	-2989,659486	7,690027	951,053642	31,777160	28,333820	31,157588	29,272756	32,954595	-2,663195	1,208012	1,069746	219813,220005	43,623279	0,008222	-0,021420	0,000000	2,047307	-0,124311	-0,124315	14,002834	-0,010327	7,181680	1,794813
5,400000	7,749633	7,757915	6,301362	0,407770	8,512221	-7182,280240	912,636920	-2989,804397	7,688620	951,185301	31,774913	28,332466	31,158186	29,271526	32,954320	-2,663418	1,206738	1,068143	219783,605579	43,641153	0,008179	-0,021416	0,000000	2,046542	-0,124315	-0,124315	14,003784	-0,010170	7,188665	1,794955
5,600000	7,745125	7,752927	6,302029	0,407788	8,493480	-7467,317219	912,400256	-2989,821204	7,687319	951,170590	31,774175	28,330248	31,152453	29,271603	32,950463	-2,663690	1,205887	1,066403	219757,728038	43,659441	0,008167	-0,021499	0,000000	2,045983	-0,124312	-0,124311	14,003732	-0,010242	7,186832	1,794939
5,800000	7,740286	7,749037	6,313425	0,407442	8,468601	-7282,104330	912,846475	-2989,767208	7,685899	951,105055	31,776469	28,330939	31,146417	29,271733	32,946251	-2,663695	1,206650	1,066872	219750,212460	43,675092	0,008252	-0,021621	0,000000	2,045585	-0,124307	-0,124312	14,003527	-0,010588	7,174827	1,794868
6,000000	7,735235	7,744719	6,313163	0,407144	8,490398	-6897,272731	913,486071	-2989,704998	7,684409	951,063051	31,777480	28,333438	31,145217	29,271883	32,945558	-2,663612	1,208957	1,069086	219760,077404	43,688973	0,008327	-0,021676	0,000000	2,045570	-0,124309	-0,124314	14,003461	-0,010875	7,173724	1,794823
6,200000	7,730736	7,739562	6,302351	0,407351	8,507322	-6681,718058	913,639078	-2989,657293	7,683008	951,944637	31,772895	28,335716	31,148682	29,271247	32,949168	-2,663496	1,210115	1,069744	219798,604756	43,701602	0,008368	-0,021469	0,000000	2,046391	-0,124316	-0,124314	14,010894	-0,010898	7,182222	1,795773
6,400000	7,726657	7,735313	6,307522	0,407600	8,484230	-6478,729540	913,376468	-2989,644388	7,681638	954,048123	31,766400	28,335091	31,153496	29,270204	32,954662	-2,663389	1,207879	1,067191	219870,295862	43,714215	0,008334	-0,021193	0,000000	2,047130	-0,124321	-0,124316	14,028488	-0,010823	7,175835	1,798040
6,600000	7,722468	7,731047	6,321527	0,406992	8,483332	-6233,362928	913,129355	-2989,642206	7,680163	955,548121	31,764324	28,331555	31,155209	29,272463	32,959065	-2,663437	1,204228	1,066137	219923,258475	43,727508	0,008259	-0,020974	0,000000	2,046884	-0,124320	-0,124319	14,040952	-0,010697	7,160883	1,799655
6,800000	7,718027	7,726250	6,304971	0,406726	8,505888	-6236,919557	913,049682	-2989,668732	7,678785	955,717392	31,766208	28,330754	31,152254	29,276989	32,957174	-2,663571	1,203039	1,067401	219930,857543	43,739159	0,008318	-0,020893	0,000000	2,046247	-0,124316	-0,124320	14,042112	-0,010437	7,175048	1,799837
7,000000	7,713082	7,721732	6,283349	0,407667	8,489454	-6383,891603	912,939102	-2989,771484	7,677608	955,498653	31,768429	28,331910	31,150291	29,276377	32,948409	-2,663604	1,204392	1,066705	219913,923409	43,750486	0,008329	-0,021184	0,000000	2,045935	-0,124312	-0,124319	14,040100	-0,010261	7,194439	1,799601
7,200000	7,707948	7,716999	6,290962	0,408132	8,458511	-6372,997260	912,934404	-2989,844576	7,676374	956,263729	31,768770	28,331755	31,151388	29,270063	32,942935	-2,663582	1,206358	1,067438	219885,227300	43,763329	0,008147	-0,021566	0,000000	2,046166	-0,124315	-0,124317	14,046547	-0,010289	7,185144	1,800425
7,400000	7,703385	7,712324	6,297543	0,407345	8,467728	-6281,720673	913,158221	-2989,790233	7,674981	958,332592	31,766186	28,332299	31,152528	29,265203	32,945851	-2,663602	1,208216	1,068585	219810,306481	43,775731	0,008065	-0,021586	0,000000	2,046456	-0,124319	-0,124311	14,064158	-0,010555	7,176842	1,802649
7,600000	7,699254	7,708116	6,291588	0,406402	8,486905	-6306,969112	913,134805	-2989,710119	7,673417	959,791450	31,762868	28,333824	31,153301	29,266010	32,951418	-2,663602	1,208957	1,066961	219734,223173	43,787311	0,008261	-0,021432	0,000000	2,045860	-0,124319	-0,124306	14,076820	-0,010997	7,181118	1,804217
7,800000	7,695178	7,703399	6,294701	0,406310	8,473569	-6506,668598	912,827499	-2989,672781	7,671697	959,903787	31,759129	28,333933	31,155487	29,270461	32,955239	-2,663509	1,208831	1,067255	219792,225751	43,798444	0,008386	-0,021565	0,000000	2,045211	-0,124318	-0,124306	14,078051	-0,011287	7,176024	1,804338
8,000000	7,690921	7,698451	6,294786	0,406974	8,461645	-6632,583999	912,731786	-2989,684615	7,670241	958,787810	31,755318	28,332678	31,153951	29,273788	32,955988	-2,663424	1,208191	1,068418	219933,287046	43,808366	0,008310	-0,021785	0,000000	2,045613	-0,124317	-0,124313	14,068609	-0,011192	7,173470	1,803139
8,200000	7,686281	7,694713	6,291205	0,407583	8,467598	-6477,203331	913,039093	-2989,725267	7,669093	957,513299	31,754952	28,332513	31,146142	29,275116	32,953077	-2,663456	1,206322	1,068826	219999,047334	43,816926	0,008449	-0,021539	0,000000	2,046405	-0,124317	-0,124317	14,057462	-0,010726	7,175127	1,801769
8,400000	7,681652	7,690830	6,284727	0,407953	8,463605	-6279,930748	913,179273	-2989,784611	7,667775	958,176931	31,755813	28,333117	31,144872	29,274128	32,949064	-2,663566	1,203026	1,069214	219987,514615	43,824576	0,008662	-0,021230	0,000000	2,046971	-0,124316	-0,124319	14,062608	-0,010310	7,179513	1,802482
8,600000	7,677216	7,685637	6,266859	0,408112	8,453302	-6152,450834	912,723509	-2989,856893	7,666390	959,547788	31,754372	28,331795	31,150814	29,269588	32,947456	-2,663598	1,201010	1,069014	219973,891820	43,831954	0,008529	-0,021465	0,000000	2,046843	-0,124317	-0,124317	14,074110	-0,010328	7,194272	1,803955
8,800000	7,672668	7,681076	6,261831	0,407709	8,446836	-5977,139178	912,275122	-2989,851987	7,665073	960,793803	31,754060	28,329161	31,152744	29,265065	32,948199	-2,663565	1,202349	1,067038	219983,094408	43,839218	0,008297	-0,021807	0,000000	2,045983	-0,124318	-0,124310	14,084770	-0,010554	7,196777	1,805293
9,000000	7,667967	7,677136	6,259033	0,406846	8,438105	-5894,052149	912,549976	-2989,815267	7,663651	962,741385	31,755621	28,329655	31,151557	29,264682	32,949773	-2,663606	1,204287	1,065405	219985,207581	43,846581	0,008325	-0,021772	0,000000	2,045203	-0,124317	-0,124304	14,101291	-0,010780	7,197448	1,807384
9,200000	7,663229	7,672820	6,252419	0,406353	8,426842	-5996,156026	913,278592	-2989,816764	7,662138	964,085587	31,754661	28,333827	31,153017	29,268984	32,949530	-2,663664	1,205992	1,066535	220002,678242	43,854282	0,008447	-0,021604	0,000000	2,045003	-0,124314	-0,124305	14,112726	-0,010977	7,201630	1,808825
9,400000	7,658439	7,668550	6,255351	0,407015	8,417052	-6030,032630	913,438668	-2989,764790	7,660714	963,321238	31,750587	28,336577	31,155483	29,273519	32,946617	-2,663659	1,207989	1,067111	220107,199868	43,859885	0,008386	-0,021529	0,000000	2,046007	-0,124313	-0,124312	14,106300	-0,010940	7,196075	1,808006
9,600000	7,653940	7,663981	6,261507	0,408268	8,420612	-5908,340668	913,122804	-2989,680168	7,659541	961,032005	31,744558	28,335195	31,155378	29,273974	32,946095	-2,663563	1,208901	1,067367	220209,736660	43,861968	0,008296	-0,021345	0,000000	2,047716	-0,124317	-0,124317	14,086851	-0,010642	7,186538	1,805549
9,800000	7,649861	7,658750	6,262056	0,408846	8,431467	-5813,842555	913,041424	-2989,692150	7,658260	959,473825	31,739975	28,332145	31,152869	29,271262	32,950090	-2,663481	1,207809	1,067863	220185,201360	43,864665	0,008377	-0,021067	0,000000	2,048380	-0,124318	-0,124317	14,073505	-0,010342	7,182101	1,803876
10,000000	7,645828	7,654267	6,248991	0,408260	8,428536	-5740,598216	913,092228	-2989,798266	7,656661	960,238805	31,740531	28,330759	31,151140	29,267681	32,953351	-2,663430	1,205740	1,066659	220080,579371	43,871726	0,008598	-0,021017	0,000000	2,047696	-0,124317	-0,124314	14,079800	-0,010230	7,192485	1,804697
10,200000	7,641584	7,651110	6,245864	0,407620	8,420854	-5636,411455	913,051220	-2989,837889	7,655293	962,590036	31,743288	28,331349	31,151684	29,265284	32,951327	-2,663410	1,204379	1,066165	220049,695789	43,881105	0,008779	-0,021254	0,000000	2,046405	-0,124315	-0,124313	14,099573	-0,010328	7,194499	1,807221
10,400000	7,636891	7,647187	6,246720	0,407898	8,420944	-5649,689326	912,980956	-2989,769710	7,654139	964,182384	31,744702	28,332586	31,150482	29,266127	32,946550	-2,663608	1,203501	1,067868	220138,523078	43,887075	0,008753	-0,021478	0,000000	2,045425	-0,124316	-0,124312	14,113065	-0,010506	7,191299	1,808929
10,600000	7,632135	7,641739	6,232526	0,408438	8,413369	-5910,113710	913,097161	-2989,741080	7,652689	964,305220	31,745604	28,334431	31,148515	29,269327	32,945751	-2,663791	1,204108	1,068401	220235,506772	43,887925	0,008458	-0,021447	0,000000	2,045524	-0,124318	-0,124311	14,114178	-0,010593	7,200934	1,809061
10,800000	7,627707	7,636753	6,223640	0,408535	8,393181	-6206,042595	913,401962	-2989,744500	7,651090	964,919180	31,743834	28,336873	31,150355	29,270376	32,950616	-2,663698	1,206842	1,067378	220290,904982	43,888561	0,008136	-0,021331	0,000000	2,046183	-0,124319	-0,124314	14,119365	-0,010649	7,205727	1,809719
11,000000	7,623526	7,633071	6,237009	0,408089	8,384716	-6228,436751	913,247774	-2989,725051	7,649588	966,902880	31,736511	28,336575	31,155847	29,269179	32,955418	-2,663546	1,209918	1,064890	220315,835212	43,892489	0,008144	-0,021254	0,000000	2,046416	-0,124320	-0,124313	14,135898	-0,010616	7,190103	1,811844
11,200000	7,619463	7,629150	6,258814	0,407397	8,395270	-6118,765639	912,360675	-2989,782749	7,648176	968,445007	31,730149	28,332369	31,158585	29,268757	32,955020	-2,663562	1,212288	1,064391	220305,259363	43,897191	0,008313	-0,021262	0,000000	2,046014	-0,124322	-0,124311	14,148409	-0,010258	7,166140	1,813494
11,400000	7,615131	7,624866	6,253700	0,406671	8,401568	-6128,912317	911,610290	-2989,852464	7,646849	967,767676	31,730868	28,329147	31,155510	29,268350	32,951219	-2,663802	1,211021	1,068856	220287,501417	43,897910	0,008374	-0,021382	0,000000	2,045586	-0,124316	-0,124315	14,142378	-0,009877	7,167754	1,812770
11,600000	7,610473	7,620873	6,242547	0,406353	8,399669	-6100,881391	911,921813	-2989,826125	7,645635	965,428947	31,735917	28,329616	31,151045	29,268472	32,947594	-2,663961	1,206908	1,071277	220284,180001	43,895973	0,008329	-0,021438	0,000000	2,045868	-0,124309	-0,124320	14,122865	-0,009890	7,175046	1,810265
11,800000	7,605709	7,616433	6,243883	0,407042	8,404280	-5945,760185	912,944888	-2989,780637	7,644364	963,807098	31,739283	28,332517	31,147864	29,268901	32,944493	-2,663849	1,204848	1,069114	220255,135099	43,895140	0,008293	-0,021484	0,000000	2,046497	-0,124309	-0,124318	14,109418	-0,009996	7,169734	1,808527
12,000000	7,601178	7,611730	6,219078	0,407739	8,410192	-6013,230994	913,214858	-2989,804708	7,642988	963,675003	31,735968	28,334846	31,149170	29,266472	32,944280	-2,663801	1,205143	1,066146	220187,891924	43,894642	0,008423	-0,021545	0,000000	2,046827	-0,124315	-0,124314	14,108270	-0,009952	7,190369	1,808385
12,200000	7,597054	7,607584	6,192364	0,407161	8,397001	-6332,056650	912,625194	-2989,896658	7,641585	964,814038	31,727880	28,334810	31,153347	29,263571	32,948255	-2,663814	1,205855	1,065369	220115,157966	43,894676	0,008592	-0,021494	0,000000	2,046720	-0,124319	-0,124314	14,117896	-0,010059	7,213747	1,809606
12,400000	7,593025	7,603446	6,211197	0,406636	8,367694	-6501,487257	912,145728	-2989,948026	7,640080	967,011418	31,721542	28,332910	31,156502	29,265399	32,953090	-2,663757	1,205347	1,066169	220022,167556	43,895612	0,008590	-0,021592	0,000000	2,046441	-0,124318	-0,124314	14,136512	-0,010324	7,191684	1,811960
12,600000	7,589007	7,598961	6,226304	0,407303	8,359175	-6550,878994	911,984855	-2989,918738	7,638709	968,491165	31,719853	28,331460	31,158632	29,270677	32,955091	-2,663833	1,204243	1,066971	219988,534551	43,895066	0,008531	-0,021928	0,000000	2,046522	-0,124316	-0,124318	14,148924	-0,010387	7,172872	1,813544
12,800000	7,585006	7,595121	6,213801	0,407908	8,375933	-6713,548388	912,136907	-2989,895101	7,637507	969,529568	31,721616	28,331963	31,157635	29,273008	32,951292	-2,663885	1,202899	1,067183	220071,563508	43,892034	0,008504	-0,021914	0,000000	2,046990	-0,124315	-0,124321	14,157282	-0,010085	7,181577	1,814655
13,000000	7,580732	7,591301	6,223620	0,407424	8,380907	-6845,259538	912,298200	-2989,945820	7,636216	971,425534	31,723039	28,332387	31,152835	29,270565	32,944407	-2,663764	1,199504	1,067036	220111,828904	43,887866	0,008426	-0,021417	0,000000	2,047005	-0,124316	-0,124318	14,172775	-0,009775	7,167799	1,816682
13,200000	7,576165	7,587009	6,238716	0,406368	8,375154	-6757,410611	912,218102	-2989,998699	7,634705	972,809242	31,720158	28,332097	31,150885	29,266586	32,941132	-2,663753	1,196735	1,067234	220017,587907	43,883547	0,008398	-0,021158	0,000000	2,046175	-0,124316	-0,124317	14,184281	-0,009757	7,148500	1,818160
13,400000	7,571846	7,582934	6,224123	0,406084	8,387123	-6567,941991	911,946294	-2989,975071	7,633048	972,033614	31,714721	28,332134	31,156236	29,262317	32,943048	-2,663849	1,199810	1,066802	219858,890842	43,878666	0,008485	-0,021391	0,000000	2,045476	-0,124315	-0,124318	14,178081	-0,010016	7,158889	1,817331
13,600000	7,567791	7,578500	6,206865	0,406527	8,394657	-6535,030133	911,912850	-2989,965605	7,631564	969,648748	31,711620	28,333236	31,158942	29,258706	32,946784	-2,664093	1,205200	1,066571	219750,843703	43,873815	0,008436	-0,021696	0,000000	2,045421	-0,124317	-0,124316	14,158703	-0,010512	7,171592	1,814782
13,800000	7,563555	7,574170	6,206554	0,406705	8,371715	-6622,871067	912,246593	-2989,975110	7,630276	968,007330	31,711681	28,334367	31,151254	29,260139	32,949123	-2,664459	1,206482	1,066434	219738,367748	43,870427	0,008387	-0,021890	0,000000	2,045700	-0,124318	-0,124313	14,145339	-0,010838	7,167509	1,813026
14,000000	7,559325	7,570216	6,213730	0,406852	8,356136	-6694,560276	912,524253	-2989,972856	7,628908	967,901809	31,713377	28,334728	31,143001	29,267129	32,948905	-2,664434	1,206142	1,066599	219757,454346	43,867156	0,008405	-0,021962	0,000000	2,045961	-0,124317	-0,124315	14,144195	-0,010575	7,156317	1,812913
14,200000	7,555322	7,565620	6,216908	0,407290	8,363038	-6875,783723	912,324358	-2990,036095	7,627459	968,237585	31,712686	28,334615	31,145234	29,271807	32,947410	-2,664087	1,206925	1,066326	219784,603857	43,861461	0,008156	-0,021823	0,000000	2,046137	-0,124321	-0,124322	14,146389	-0,009968	7,148445	1,813272
14,400000	7,551280	7,561257	6,213251	0,407205	8,355780	-6993,919484	911,740853	-2990,128594	7,626015	968,406052	31,707726	28,332828	31,151766	29,269077	32,946845	-2,664016	1,207692	1,065432	219834,605028	43,854642	0,008006	-0,021686	0,000000	2,046233	-0,124325	-0,124321	14,147424	-0,009597	7,147512	1,813453
14,600000	7,547137	7,558239	6,221210	0,406386	8,344580	-6820,620888	911,576482	-2990,166659	7,624552	968,395285	31,703901	28,330130	31,152752	29,263225	32,946562	-2,664215	1,209393	1,065502	219832,587274	43,849647	0,008223	-0,021782	0,000000	2,046087	-0,124322	-0,124317	14,147377	-0,009640	7,136374	1,813441
14,800000	7,543140	7,554647	6,228200	0,406059	8,362946	-6713,096905	911,940368	-2990,185905	7,623125	968,339048	31,706028	28,329882	31,151062	29,261008	32,945460	-2,664274	1,211494	1,065609	219737,835630	43,843854	0,008362	-0,021963	0,000000	2,045602	-0,124317	-0,124314	14,147157	-0,009889	7,125487	1,813381
15,000000	7,539142	7,549558	6,207076	0,406456	8,379677	-6816,286579	912,288243	-2990,108551	7,621647	968,297545	31,711099	28,332331	31,152390	29,264175	32,944377	-2,664222	1,212273	1,065969	219651,364860	43,833542	0,008269	-0,021991	0,000000	2,045207	-0,124314	-0,124309	14,147085	-0,010163	7,140439	1,813337
15,200000	7,535065	7,545129	6,194663	0,406638	8,357311	-6836,934954	912,384550	-2989,912771	7,620162	968,278828	31,710927	28,334148	31,151624	29,269294	32,943668	-2,664321	1,212915	1,066839	219631,372709	43,822143	0,008223	-0,021829	0,000000	2,045629	-0,124312	-0,124307	14,147101	-0,010336	7,147144	1,813317
15,400000	7,531090	7,541011	6,203243	0,406219	8,334555	-6706,817236	912,178867	-2989,874703	7,618847	968,288190	31,703591	28,333433	31,146176	29,271425	32,945765	-2,664453	1,214271	1,067713	219645,789100	43,813995	0,008270	-0,021684	0,000000	2,046453	-0,124313	-0,124314	14,147121	-0,010278	7,133730	1,813327
15,600000	7,526990	7,536941	6,193855	0,405765	8,338192	-6544,480794	911,746540	-2990,071912	7,617429	969,194050	31,695484	28,331590	31,147479	29,269550	32,949800	-2,664342	1,215096	1,067025	219671,354789	43,807341	0,008264	-0,021793	0,000000	2,046945	-0,124320	-0,124320	14,154543	-0,010143	7,138636	1,814296
15,800000	7,522876	7,533777	6,176509	0,405855	8,332059	-6395,181536	911,309006	-2990,277135	7,615884	971,312150	31,690026	28,330943	31,153762	29,267538	32,949770	-2,664194	1,214793	1,064480	219714,394046	43,798663	0,008195	-0,021934	0,000000	2,046610	-0,124325	-0,124320	14,172116	-0,010061	7,152011	1,816560
16,000000	7,519050	7,529524	6,176571	0,406048	8,316778	-6258,622933	911,141274	-2990,290520	7,614516	971,954830	31,689008	28,330725	31,154798	29,267199	32,945056	-2,664298	1,215120	1,064769	219771,303966	43,786852	0,008128	-0,021832	0,000000	2,045580	-0,124325	-0,124318	14,177156	-0,009747	7,146479	1,817247
16,200000	7,515192	7,524397	6,185320	0,406106	8,323240	-6198,993411	911,479178	-2990,174918	7,613261	970,032443	31,693749	28,329999	31,152697	29,266779	32,939890	-2,664443	1,215446	1,068731	219799,010969	43,774078	0,008225	-0,021729	0,000000	2,045054	-0,124325	-0,124316	14,160743	-0,009353	7,131349	1,815192
16,400000	7,511135	7,520456	6,183190	0,406098	8,336072	-6158,610662	912,159994	-2990,046730	7,611966	967,397306	31,698192	28,331285	31,150822	29,265609	32,938570	-2,664423	1,214114	1,068874	219787,137822	43,764043	0,008290	-0,021712	0,000000	2,045244	-0,124321	-0,124313	14,138857	-0,009447	7,128452	1,812373
16,600000	7,507067	7,517474	6,177229	0,406018	8,326617	-6104,191491	912,690365	-2989,936123	7,610661	964,987423	31,696708	28,334451	31,150424	29,263709	32,941645	-2,664264	1,212981	1,065027	219757,152474	43,756493	0,008195	-0,021724	0,000000	2,045678	-0,124315	-0,124313	14,119148	-0,009862	7,130564	1,809792
16,800000	7,503195	7,514470	6,175790	0,406343	8,312113	-6105,995345	912,341778	-2989,970072	7,609354	963,706799	31,691258	28,335015	31,153527	29,260911	32,945364	-2,664101	1,212773	1,063889	219713,831163	43,746911	0,008339	-0,021834	0,000000	2,046162	-0,124314	-0,124316	14,108734	-0,010151	7,127975	1,808419
17,000000	7,499551	7,510749	6,171399	0,406373	8,320204	-6106,852315	911,280443	-2990,149977	7,607938	963,691028	31,686948	28,331641	31,157484	29,260950	32,948954	-2,664124	1,212839	1,066596	219676,363688	43,732331	0,008584	-0,021865	0,000000	2,046255	-0,124315	-0,124318	14,108745	-0,010293	7,127024	1,808402
17,200000	7,495800	7,505674	6,172047	0,405643	8,326305	-6092,161023	910,769521	-2990,239371	7,606369	963,937402	31,685474	28,329457	31,155780	29,265983	32,951587	-2,664285	1,213211	1,069588	219678,516527	43,715676	0,008574	-0,021646	0,000000	2,046112	-0,124314	-0,124318	14,110788	-0,010277	7,119419	1,808666
17,400000	7,491684	7,500518	6,160122	0,405403	8,308880	-5988,158705	910,974767	-2990,165460	7,604890	963,165599	31,685771	28,330509	31,150812	29,269470	32,947718	-2,664372	1,214324	1,068125	219721,442912	43,701828	0,008519	-0,021493	0,000000	2,046180	-0,124315	-0,124319	14,104124	-0,010065	7,124563	1,807839
17,600000	7,487446	7,497177	6,149262	0,405852	8,298380	-5715,880359	911,265003	-2990,109673	7,603800	961,066784	31,687226	28,331297	31,148948	29,266623	32,939715	-2,664226	1,216119	1,064198	219773,249222	43,692499	0,008486	-0,021736	0,000000	2,046260	-0,124320	-0,124322	14,086427	-0,009926	7,131006	1,805586
17,800000	7,483351	7,493758	6,151329	0,406055	8,306677	-5447,223794	911,477541	-2990,172058	7,602538	959,518000	31,687713	28,331250	31,148466	29,260713	32,936496	-2,664045	1,216461	1,063963	219799,649940	43,684983	0,008364	-0,021999	0,000000	2,046151	-0,124326	-0,124317	14,073775	-0,010241	7,124832	1,803923
18,000000	7,479188	7,489377	6,139649	0,405631	8,301277	-5475,336780	911,406233	-2990,315959	7,600685	960,196068	31,684569	28,331663	31,146440	29,256249	32,940297	-2,664208	1,214317	1,066123	219763,475149	43,673895	0,008256	-0,021926	0,000000	2,045768	-0,124325	-0,124310	14,079982	-0,010770	7,130950	1,804651
18,200000	7,475035	7,485709	6,130345	0,405329	8,276706	-5733,983933	911,226994	-2990,358108	7,598993	962,508117	31,679432	28,332466	31,145909	29,256243	32,946840	-2,664503	1,211792	1,066808	219741,978677	43,660054	0,008223	-0,021843	0,000000	2,045579	-0,124320	-0,124311	14,099588	-0,011028	7,134884	1,807133
18,400000	7,471348	7,482126	6,125439	0,405724	8,263682	-5878,524847	911,283688	-2990,214773	7,597719	963,254953	31,675900	28,332062	31,149290	29,260728	32,950452	-2,664641	1,212084	1,066179	219827,208862	43,648164	0,008283	-0,022065	0,000000	2,046021	-0,124320	-0,124319	14,105617	-0,010812	7,134930	1,807934
18,600000	7,467956	7,477703	6,125632	0,406024	8,264260	-5946,948208	911,498282	-2990,149825	7,596419	961,381901	31,674460	28,330877	31,150419	29,264894	32,948698	-2,664717	1,214757	1,064956	219929,036961	43,636542	0,008428	-0,022228	0,000000	2,046400	-0,124325	-0,124323	14,089172	-0,010034	7,129165	1,805925
18,800000	7,464258	7,473061	6,137155	0,405834	8,260210	-5946,740431	911,548029	-2990,233552	7,595084	959,720101	31,675030	28,330596	31,147887	29,265418	32,943457	-2,664636	1,215218	1,063867	219952,996069	43,622879	0,008461	-0,021809	0,000000	2,046585	-0,124325	-0,124322	14,074497	-0,009271	7,111450	1,804140
19,000000	7,460102	7,468921	6,149764	0,406020	8,258892	-5836,563291	911,240354	-2990,284019	7,593839	959,467985	31,675897	28,330648	31,151943	29,262325	32,939482	-2,664432	1,213717	1,064729	219917,577827	43,609943	0,008381	-0,021164	0,000000	2,046523	-0,124321	-0,124317	14,072294	-0,009180	7,093402	1,803869
19,200000	7,455839	7,465334	6,140667	0,406442	8,267859	-5792,202286	911,019676	-2990,315997	7,592485	959,677759	31,673253	28,330794	31,159600	29,256889	32,939484	-2,664392	1,212756	1,067325	219843,325295	43,599741	0,008495	-0,021082	0,000000	2,045716	-0,124321	-0,124312	14,074354	-0,009482	7,097957	1,804095
19,400000	7,451976	7,462024	6,113877	0,406200	8,271943	-5749,152751	911,326424	-2990,313553	7,591016	960,676475	31,671121	28,331993	31,157732	29,254837	32,942147	-2,664445	1,211936	1,067494	219733,964411	43,589701	0,008579	-0,021493	0,000000	2,044969	-0,124323	-0,124310	14,082963	-0,009730	7,120226	1,805167
19,600000	7,448356	7,458052	6,112320	0,405525	8,260826	-5640,308860	911,868687	-2990,178630	7,589686	961,882805	31,673663	28,335471	31,149750	29,258857	32,945505	-2,664503	1,211483	1,065969	219658,172130	43,577256	0,008368	-0,021856	0,000000	2,044934	-0,124319	-0,124312	14,093159	-0,009830	7,116131	1,806462
19,800000	7,444354	7,453369	6,111303	0,405131	8,250919	-5562,819811	912,152559	-2990,092285	7,588430	961,266469	31,675241	28,337800	31,146802	29,264438	32,946970	-2,664601	1,211381	1,065191	219722,940485	43,563766	0,008252	-0,022073	0,000000	2,044977	-0,124313	-0,124315	14,087823	-0,009651	7,110874	1,805801
20,000000	7,440307	7,449554	6,091550	0,405743	8,249875	-5643,543376	911,810543	-2990,174997	7,586953	959,916388	31,671915	28,335712	31,151017	29,266901	32,946055	-2,664608	1,211669	1,065490	219895,299008	43,551467	0,008259	-0,022057	0,000000	2,045470	-0,124315	-0,124319	14,076438	-0,009568	7,125628	1,804351
20,200000	7,436610	7,446583	6,087152	0,406927	8,237716	-5837,069212	911,158892	-2990,324341	7,585287	959,484112	31,664577	28,333177	31,154946	29,264821	32,945780	-2,664543	1,210446	1,066678	219975,107372	43,540190	0,008153	-0,021774	0,000000	2,046751	-0,124320	-0,124322	14,073276	-0,010026	7,125854	1,803887
20,400000	7,432688	7,442715	6,101001	0,407206	8,221907	-5897,255974	910,936056	-2990,441316	7,583784	959,570895	31,658181	28,332493	31,156350	29,260022	32,947140	-2,664585	1,207481	1,067023	219925,295874	43,527285	0,008091	-0,021535	0,000000	2,047252	-0,124321	-0,124319	14,074336	-0,010360	7,106613	1,803980
20,600000	7,428612	7,438084	6,105518	0,406554	8,223094	-5841,360323	911,064720	-2990,433356	7,582381	958,835521	31,657288	28,332272	31,159298	29,256090	32,947293	-2,664623	1,206685	1,067591	219872,250069	43,511630	0,008220	-0,021501	0,000000	2,046411	-0,124320	-0,124313	14,067930	-0,010114	7,095706	1,803190
20,800000	7,424889	7,434652	6,097824	0,405722	8,222625	-5779,473498	911,138027	-2990,330335	7,581019	956,795923	31,659536	28,332014	31,159770	29,255291	32,943371	-2,664614	1,208712	1,067003	219877,170147	43,497218	0,008479	-0,021576	0,000000	2,045523	-0,124318	-0,124314	14,050521	-0,009800	7,098180	1,800997
21,000000	7,421243	7,431664	6,105341	0,405149	8,217505	-5594,667530	911,374762	-2990,200330	7,579855	955,287943	31,661554	28,332121	31,154428	29,256370	32,938560	-2,664776	1,210336	1,065099	219935,512192	43,485776	0,008617	-0,021726	0,000000	2,045355	-0,124315	-0,124319	14,037925	-0,009853	7,086147	1,799374
21,200000	7,417439	7,427822	6,119160	0,405431	8,235751	-5368,656169	911,799380	-2990,094531	7,578530	955,103786	31,661350	28,333294	31,148441	29,258595	32,938680	-2,664879	1,210344	1,064644	219987,997368	43,471950	0,008441	-0,021897	0,000000	2,045819	-0,124313	-0,124321	14,036679	-0,010153	7,066722	1,799176
21,400000	7,413380	7,423472	6,109795	0,406177	8,261116	-5424,743879	911,674898	-2990,155095	7,576948	956,188766	31,657037	28,335126	31,149404	29,261048	32,943137	-2,664695	1,210633	1,065417	220006,886160	43,455071	0,008210	-0,021926	0,000000	2,046605	-0,124313	-0,124321	14,046103	-0,010474	7,069619	1,800344
21,600000	7,409305	7,419089	6,087564	0,406415	8,246651	-5683,974366	910,821052	-2990,332868	7,575502	958,398505	31,650007	28,334371	31,156625	29,261347	32,947188	-2,664488	1,210972	1,065748	220019,382069	43,440628	0,008150	-0,021706	0,000000	2,047026	-0,124316	-0,124324	14,064663	-0,010508	7,085967	1,802720
21,800000	7,405571	7,415435	6,089587	0,406298	8,207585	-5721,014306	909,996809	-2990,448635	7,574187	959,042651	31,645739	28,330534	31,160160	29,260215	32,947921	-2,664537	1,210154	1,064709	220019,412786	43,429715	0,008146	-0,021479	0,000000	2,046701	-0,124322	-0,124328	14,069677	-0,010125	7,079257	1,803412
22,000000	7,401895	7,412228	6,089599	0,406121	8,201821	-5540,209725	909,978959	-2990,483030	7,572833	957,109246	31,648070	28,328931	31,156588	29,259909	32,944945	-2,664721	1,209247	1,065973	219975,725941	43,418450	0,008151	-0,021679	0,000000	2,046166	-0,124324	-0,124327	14,053060	-0,009712	7,074660	1,801334
22,200000	7,398120	7,409027	6,065289	0,406032	8,217675	-5494,132870	910,691269	-2990,422919	7,571453	955,402529	31,653131	28,331066	31,153162	29,260601	32,940079	-2,664763	1,209220	1,067711	219909,289304	43,404107	0,008307	-0,021985	0,000000	2,045996	-0,124317	-0,124320	14,038521	-0,009488	7,093859	1,799498
22,400000	7,394186	7,405209	6,065322	0,406390	8,206821	-5539,710174	911,233564	-2990,306853	7,570142	954,263599	31,654235	28,333048	31,153304	29,259381	32,936518	-2,664803	1,210488	1,066565	219867,701062	43,388749	0,008467	-0,021950	0,000000	2,045984	-0,124311	-0,124317	14,028985	-0,009511	7,088045	1,798272
22,600000	7,390227	7,400792	6,091510	0,406247	8,191654	-5554,998738	911,186664	-2990,302540	7,568860	952,379494	31,649710	28,333377	31,156324	29,255043	32,938228	-2,664781	1,212793	1,064435	219862,927411	43,374206	0,008387	-0,021750	0,000000	2,046071	-0,124317	-0,124321	14,013474	-0,009823	7,055805	1,796242
22,800000	7,386744	7,396717	6,100563	0,405428	8,204888	-5643,286514	911,009334	-2990,388633	7,567367	950,993311	31,642442	28,333233	31,159710	29,252723	32,945766	-2,664561	1,214091	1,064593	219811,381126	43,360561	0,008222	-0,021530	0,000000	2,046402	-0,124326	-0,124324	14,002192	-0,010192	7,041235	1,794748
23,000000	7,383406	7,393273	6,086942	0,405415	8,213834	-5686,134384	911,071370	-2990,402323	7,565778	950,853948	31,637314	28,332927	31,157361	29,256801	32,951323	-2,664535	1,213346	1,067238	219679,808284	43,348429	0,008346	-0,021631	0,000000	2,046586	-0,124324	-0,124327	14,001060	-0,010232	7,049871	1,794597
23,200000	7,379739	7,390271	6,084307	0,405975	8,200861	-5631,396034	911,068867	-2990,347126	7,564397	950,214903	31,635300	28,331817	31,153426	29,263734	32,948979	-2,664721	1,212343	1,067520	219664,684917	43,335317	0,008678	-0,021913	0,000000	2,046526	-0,124317	-0,124328	13,995434	-0,009980	7,047771	1,793908
23,400000	7,375836	7,386951	6,086104	0,406033	8,200880	-5607,848664	910,564782	-2990,278058	7,563037	949,144213	31,635117	28,330397	31,153326	29,266150	32,941710	-2,664842	1,211912	1,067380	219811,881770	43,318637	0,008705	-0,021891	0,000000	2,046849	-0,124317	-0,124326	13,986159	-0,009712	7,040507	1,792753
23,600000	7,371891	7,382647	6,078502	0,405698	8,215127	-5677,581507	910,401291	-2990,342895	7,561647	949,748518	31,636707	28,331610	31,153953	29,262563	32,936487	-2,664919	1,209558	1,065990	219893,854319	43,300201	0,008450	-0,021804	0,000000	2,047101	-0,124321	-0,124321	13,991251	-0,009720	7,041445	1,793405
23,800000	7,368130	7,378066	6,070067	0,405710	8,207562	-5755,184684	910,918106	-2990,525756	7,560412	951,034672	31,636930	28,334387	31,158282	29,258040	32,937314	-2,664959	1,207170	1,063432	219868,875426	43,283822	0,008241	-0,021880	0,000000	2,046284	-0,124324	-0,124318	14,002366	-0,010019	7,043369	1,794792
24,000000	7,364523	7,375160	6,063013	0,406155	8,187138	-5652,043482	911,086519	-2990,485732	7,559098	951,381993	31,634749	28,334672	31,163922	29,254586	32,940889	-2,664870	1,209569	1,062609	219853,901287	43,271850	0,008284	-0,021911	0,000000	2,045044	-0,124323	-0,124316	14,005476	-0,010209	7,046141	1,795167
24,200000	7,360906	7,372708	6,065373	0,406281	8,188601	-5600,773039	910,677610	-2990,279219	7,557568	950,385627	31,631425	28,333233	31,161313	29,253398	32,942915	-2,664817	1,213197	1,065388	219873,396542	43,261151	0,008551	-0,021803	0,000000	2,044409	-0,124318	-0,124317	13,997032	-0,010142	7,039949	1,794092
24,400000	7,357210	7,368229	6,061490	0,406141	8,197487	-5837,363868	910,340365	-2990,257654	7,555953	949,064799	31,628869	28,332684	31,157348	29,257482	32,942754	-2,664856	1,212298	1,070091	219887,228177	43,245824	0,008751	-0,021959	0,000000	2,044797	-0,124314	-0,124320	13,985885	-0,010106	7,037476	1,792667
24,600000	7,353479	7,363710	6,049566	0,406253	8,183356	-6055,249900	910,460509	-2990,492138	7,554361	949,649440	31,627160	28,334455	31,159687	29,263598	32,941776	-2,664743	1,209393	1,069049	219872,566011	43,227461	0,008730	-0,022151	0,000000	2,045844	-0,124316	-0,124323	13,990837	-0,010139	7,042606	1,793298
24,800000	7,349724	7,360805	6,050124	0,406364	8,163138	-6107,095317	910,588817	-2990,686070	7,552881	951,015650	31,621433	28,335485	31,163381	29,265462	32,940475	-2,664679	1,209798	1,064204	219861,562736	43,212411	0,008513	-0,022049	0,000000	2,046709	-0,124324	-0,124327	14,002267	-0,010079	7,037207	1,794772
25,000000	7,346098	7,356918	6,060190	0,406284	8,165357	-6131,452641	910,185686	-2990,649073	7,551583	951,386136	31,614212	28,332027	31,163256	29,261052	32,938230	-2,664845	1,211428	1,061899	219858,733299	43,199649	0,008201	-0,022002	0,000000	2,046733	-0,124329	-0,124324	14,005521	-0,010219	7,021888	1,795171
25,200000	7,342581	7,352359	6,054156	0,406016	8,173037	-6065,591770	909,751578	-2990,637581	7,550351	951,240728	31,613194	28,328127	31,157260	29,255622	32,936657	-2,665065	1,211005	1,064361	219801,691631	43,184996	0,008142	-0,021875	0,000000	2,045981	-0,124326	-0,124316	14,004485	-0,010405	7,021633	1,795014
25,400000	7,338962	7,349354	6,041824	0,405820	8,167537	-5793,212440	910,051382	-2990,699433	7,549000	950,247888	31,616874	28,327627	31,151876	29,255139	32,937323	-2,665198	1,210255	1,066736	219710,986207	43,170208	0,008466	-0,021832	0,000000	2,045272	-0,124321	-0,124312	13,996048	-0,010316	7,028892	1,793944
25,600000	7,335253	7,345906	6,049120	0,405817	8,168786	-5509,923456	910,610580	-2990,628774	7,547605	948,146637	31,618433	28,329692	31,154458	29,258097	32,938150	-2,665139	1,209690	1,066167	219688,541079	43,156108	0,008598	-0,022044	0,000000	2,045145	-0,124316	-0,124315	13,978298	-0,010247	7,016418	1,791676
25,800000	7,331559	7,341735	6,058062	0,405657	8,178617	-5518,517399	910,610152	-2990,449444	7,546211	946,670130	31,615891	28,332511	31,159264	29,260887	32,937490	-2,665059	1,209201	1,063383	219700,393206	43,139964	0,008329	-0,022050	0,000000	2,045311	-0,124314	-0,124317	13,965974	-0,010357	7,001429	1,790081
26,000000	7,328126	7,338262	6,058107	0,405628	8,173349	-5666,236743	910,330609	-2990,433817	7,544792	947,415408	31,611074	28,333412	31,158051	29,261494	32,939172	-2,665058	1,210091	1,062268	219673,042475	43,123751	0,008055	-0,021864	0,000000	2,045764	-0,124318	-0,124317	13,972313	-0,010419	6,995783	1,790886
26,200000	7,324781	7,335332	6,057525	0,405895	8,155033	-5658,616968	910,045210	-2990,635719	7,543370	949,762737	31,606614	28,332154	31,155756	29,260179	32,945123	-2,664875	1,212201	1,064013	219638,336539	43,109113	0,007916	-0,021649	0,000000	2,046511	-0,124326	-0,124317	13,991903	-0,010252	6,991500	1,793420
26,400000	7,321170	7,332581	6,041595	0,406045	8,147885	-5539,911316	909,645877	-2990,775050	7,541984	952,284807	31,603661	28,330398	31,158116	29,258296	32,947526	-2,664687	1,213331	1,064040	219623,031983	43,093312	0,007969	-0,021582	0,000000	2,046633	-0,124326	-0,124316	14,012735	-0,009881	7,002554	1,796140
26,600000	7,317496	7,329204	6,017711	0,406032	8,156091	-5361,148562	909,619923	-2990,676159	7,540704	953,664652	31,603951	28,328893	31,157103	29,255978	32,942460	-2,664815	1,213498	1,064884	219619,840754	43,075204	0,008219	-0,021842	0,000000	2,045929	-0,124320	-0,124314	14,024015	-0,009570	7,020634	1,797627
26,800000	7,314120	7,325015	6,024159	0,405919	8,157113	-5199,348432	910,164743	-2990,504083	7,539411	952,799315	31,609074	28,328783	31,150453	29,254056	32,936310	-2,665028	1,214390	1,066826	219623,020690	43,056173	0,008348	-0,021934	0,000000	2,045301	-0,124317	-0,124313	14,016686	-0,009509	7,007392	1,796694
27,000000	7,310976	7,320834	6,039965	0,405834	8,153682	-5262,879502	910,611949	-2990,440459	7,538057	951,317657	31,612745	28,330274	31,148160	29,254131	32,934695	-2,665114	1,215986	1,066149	219622,701497	43,039320	0,008313	-0,021811	0,000000	2,045449	-0,124321	-0,124317	14,004352	-0,009626	6,985290	1,795097
27,200000	7,307478	7,317776	6,034621	0,406120	8,159766	-5587,963626	910,380908	-2990,455075	7,536779	950,896140	31,609037	28,331278	31,152958	29,255793	32,936652	-2,665161	1,216662	1,062649	219609,754986	43,026098	0,008277	-0,021930	0,000000	2,045948	-0,124325	-0,124319	14,001230	-0,010047	6,985973	1,794643
27,400000	7,303689	7,314897	6,023524	0,406454	8,154688	-5941,667091	909,734246	-2990,547407	7,535374	951,875389	31,599968	28,331148	31,160117	29,256020	32,939054	-2,665298	1,216207	1,062947	219608,107898	43,013610	0,008215	-0,021984	0,000000	2,046044	-0,124325	-0,124317	14,009908	-0,010494	6,992742	1,795699
27,600000	7,300231	7,310637	6,020067	0,405874	8,133012	-6079,214748	909,265523	-2990,694803	7,533753	954,106398	31,592249	28,330936	31,162829	29,256303	32,942232	-2,665308	1,215773	1,066599	219623,041525	42,997790	0,008282	-0,021850	0,000000	2,045837	-0,124322	-0,124315	14,028561	-0,010407	6,990097	1,798102
27,800000	7,296940	7,306251	6,021568	0,405185	8,122561	-5970,655164	909,173013	-2990,773884	7,532155	954,764399	31,590547	28,330997	31,158196	29,259582	32,943906	-2,665105	1,215200	1,067070	219631,821631	42,979492	0,008461	-0,021888	0,000000	2,045650	-0,124320	-0,124319	14,033754	-0,010076	6,981822	1,798811
28,000000	7,293504	7,302738	6,033296	0,405878	8,128191	-5737,718416	909,342266	-2990,764733	7,530757	952,818283	31,592342	28,330960	31,154311	29,261569	32,939813	-2,665067	1,215503	1,065084	219648,886408	42,964089	0,008365	-0,022059	0,000000	2,045434	-0,124320	-0,124329	14,017186	-0,009850	6,964620	1,796715
28,200000	7,289835	7,299666	6,045801	0,406731	8,133437	-5533,366021	909,769228	-2990,734517	7,529589	951,103180	31,593993	28,330425	31,155813	29,259378	32,933423	-2,665155	1,217427	1,063133	219685,767830	42,951627	0,008155	-0,022120	0,000000	2,045391	-0,124324	-0,124332	14,002630	-0,009707	6,947692	1,794866
28,400000	7,286123	7,296896	6,034988	0,406416	8,141046	-5580,674726	910,126970	-2990,697851	7,528372	951,740928	31,593334	28,329978	31,156962	29,255103	32,931443	-2,665172	1,218429	1,063384	219687,534733	42,937648	0,008193	-0,022146	0,000000	2,045972	-0,124325	-0,124325	14,007912	-0,009628	6,953835	1,795554
28,600000	7,282704	7,293260	6,012818	0,405757	8,149493	-5900,394197	910,038538	-2990,707837	7,526926	954,072228	31,589914	28,329809	31,156383	29,252130	32,935882	-2,665260	1,217029	1,065347	219644,918934	42,921025	0,008365	-0,022259	0,000000	2,046313	-0,124323	-0,124321	14,027549	-0,009682	6,970082	1,798066
28,800000	7,279564	7,288958	5,998939	0,405695	8,136809	-6106,661713	909,656767	-2990,678391	7,525393	955,661663	31,585788	28,329863	31,157723	29,252990	32,942410	-2,665296	1,214996	1,066522	219658,445806	42,903075	0,008507	-0,022302	0,000000	2,045830	-0,124319	-0,124322	14,041189	-0,009981	6,977408	1,799777
29,000000	7,276375	7,285395	5,992572	0,406123	8,111049	-6158,693239	909,442877	-2990,524825	7,523904	954,901918	31,582777	28,330518	31,158872	29,255269	32,944300	-2,665251	1,213737	1,066491	219727,947560	42,886832	0,008490	-0,022312	0,000000	2,045555	-0,124316	-0,124323	14,034966	-0,010134	6,978132	1,798959
29,200000	7,272850	7,281756	5,987269	0,406013	8,096198	-6325,482447	909,446668	-2990,564475	7,522438	952,555183	31,581889	28,331348	31,155746	29,257270	32,940837	-2,665399	1,213236	1,065744	219762,667598	42,874213	0,008265	-0,022406	0,000000	2,046004	-0,124315	-0,124321	14,015162	-0,010035	6,978216	1,796431
29,400000	7,269226	7,278074	5,999429	0,405382	8,082680	-6552,399235	909,193230	-2990,904653	7,521008	950,948404	31,582021	28,331865	31,151822	29,258341	32,936252	-2,665470	1,211404	1,062644	219729,261254	42,861884	0,008020	-0,022431	0,000000	2,047001	-0,124319	-0,124320	14,001644	-0,010022	6,960863	1,794699
29,600000	7,265556	7,275411	6,009659	0,405577	8,078027	-6604,739701	908,772711	-2991,104416	7,519658	951,693334	31,580129	28,330695	31,153374	29,254319	32,933747	-2,665291	1,208190	1,062212	219667,031309	42,847424	0,007920	-0,022207	0,000000	2,047582	-0,124322	-0,124324	14,007945	-0,010061	6,946167	1,795502
29,800000	7,261839	7,272891	6,002332	0,405856	8,104074	-6388,919752	908,754001	-2990,933116	7,518308	954,038003	31,576621	28,328666	31,156817	29,247197	32,934277	-2,665312	1,207017	1,066215	219641,447515	42,831713	0,007933	-0,021859	0,000000	2,046790	-0,124321	-0,124326	14,027754	-0,010174	6,948903	1,798029
30,000000	7,258455	7,269054	6,003431	0,405190	8,122533	-6004,925241	909,085027	-2990,703373	7,516899	954,761643	31,576931	28,328525	31,153527	29,245344	32,937126	-2,665524	1,208422	1,067117	219628,873709	42,814246	0,008009	-0,021688	0,000000	2,045330	-0,124319	-0,124321	14,033841	-0,010186	6,941677	1,798808
30,200000	7,255303	7,265261	6,008263	0,404847	8,107185	-5554,045723	909,614778	-2990,622133	7,515520	952,854519	31,581599	28,329934	31,148349	29,251122	32,939651	-2,665523	1,210446	1,066055	219552,454218	42,796260	0,008204	-0,021778	0,000000	2,044817	-0,124319	-0,124316	14,017376	-0,009735	6,930629	1,796754
30,400000	7,251935	7,262841	6,012591	0,405225	8,104132	-5347,008874	910,109122	-2990,606728	7,514141	951,156667	31,583316	28,332512	31,150883	29,259136	32,939377	-2,665314	1,211929	1,064766	219465,192664	42,780959	0,008432	-0,022022	0,000000	2,045391	-0,124320	-0,124317	14,002683	-0,009310	6,921834	1,794924
30,600000	7,248469	7,260027	5,995647	0,405671	8,124405	-5572,568315	910,046428	-2990,594461	7,512641	951,775223	31,577905	28,333860	31,155432	29,262884	32,937478	-2,665192	1,212321	1,062998	219485,257226	42,766478	0,008378	-0,022231	0,000000	2,046349	-0,124324	-0,124320	14,007895	-0,009323	6,933986	1,795591
30,800000	7,244993	7,256110	5,971822	0,405533	8,118128	-5850,098570	909,604755	-2990,671740	7,511189	954,090277	31,570365	28,331556	31,153450	29,259750	32,936865	-2,665170	1,212262	1,063452	219579,868713	42,748853	0,008048	-0,022048	0,000000	2,047081	-0,124326	-0,124323	14,027532	-0,009513	6,951556	1,798085
31,000000	7,241640	7,252147	5,982921	0,404666	8,085820	-5941,573500	909,178817	-2990,825432	7,509866	955,681908	31,567853	28,329601	31,151724	29,253589	32,938799	-2,665097	1,212472	1,066350	219653,340154	42,730129	0,007974	-0,021626	0,000000	2,046796	-0,124326	-0,124321	14,041186	-0,009809	6,934117	1,799798
31,200000	7,238494	7,248298	5,998128	0,404080	8,080074	-5989,795678	909,129431	-2990,878334	7,508548	954,932707	31,569591	28,330087	31,156674	29,250751	32,939455	-2,665081	1,213257	1,067404	219672,864876	42,714879	0,008268	-0,021566	0,000000	2,045844	-0,124324	-0,124319	14,034968	-0,009878	6,913426	1,798992
31,400000	7,235384	7,245091	5,982888	0,404024	8,091310	-5965,729406	909,165376	-2990,856438	7,507259	952,603671	31,571265	28,329563	31,158152	29,252360	32,934454	-2,665316	1,214225	1,064832	219666,611093	42,703221	0,008465	-0,021825	0,000000	2,044842	-0,124323	-0,124320	14,015163	-0,009629	6,923996	1,796484
31,600000	7,232444	7,242996	5,976018	0,404386	8,078722	-5773,935267	909,181987	-2990,764921	7,505877	950,136205	31,570713	28,329227	31,153645	29,254674	32,929787	-2,665659	1,214431	1,063844	219652,500204	42,691499	0,008443	-0,022071	0,000000	2,044680	-0,124324	-0,124321	13,994227	-0,009435	6,927064	1,793823
31,800000	7,229173	7,240316	5,989006	0,404934	8,072182	-5517,048688	909,823535	-2990,644598	7,504291	948,798702	31,567908	28,332870	31,151992	29,255568	32,932342	-2,665642	1,214150	1,064310	219596,065746	42,675837	0,008281	-0,022074	0,000000	2,045641	-0,124327	-0,124321	13,982952	-0,009412	6,909257	1,792380
32,000000	7,225223	7,236400	5,984371	0,404812	8,101718	-5449,527862	910,170544	-2990,678098	7,502738	949,649980	31,564419	28,335265	31,154289	29,255886	32,938377	-2,665371	1,213798	1,063756	219515,318990	42,656412	0,008103	-0,021867	0,000000	2,046608	-0,124328	-0,124320	13,990302	-0,009600	6,907409	1,793298
32,200000	7,221412	7,232303	5,967031	0,404662	8,114762	-5645,039366	909,391564	-2990,853092	7,501221	951,102203	31,560564	28,332201	31,159744	29,255211	32,940552	-2,665336	1,212730	1,064341	219469,336855	42,638081	0,008189	-0,021767	0,000000	2,046726	-0,124326	-0,124321	14,002643	-0,009728	6,918401	1,794865
32,400000	7,218269	7,228914	5,962909	0,405387	8,082595	-5789,602574	908,525530	-2990,983615	7,499740	952,364663	31,558871	28,328469	31,163146	29,254030	32,937650	-2,665516	1,210674	1,064766	219440,040886	42,623435	0,008411	-0,021886	0,000000	2,046009	-0,124318	-0,124328	14,013182	-0,009656	6,917437	1,796226
32,600000	7,215104	7,225854	5,972134	0,405595	8,059342	-5794,188137	908,491606	-2990,979260	7,498483	954,326198	31,562059	28,327296	31,160212	29,255575	32,934234	-2,665598	1,209929	1,063558	219389,116510	42,610225	0,008380	-0,022198	0,000000	2,045328	-0,124313	-0,124330	14,029494	-0,009494	6,903514	1,798339
32,800000	7,211587	7,222638	5,968124	0,405014	8,071338	-5761,677155	909,185212	-2990,944580	7,497281	955,713885	31,566345	28,328755	31,157270	29,257674	32,932261	-2,665480	1,211322	1,064155	219357,600488	42,596126	0,008240	-0,022518	0,000000	2,045035	-0,124316	-0,124327	14,040875	-0,009230	6,902401	1,799833
33,000000	7,208200	7,219657	5,970051	0,405364	8,078079	-5642,814318	909,640914	-2990,902569	7,495984	954,962829	31,566578	28,329609	31,157479	29,254461	32,931286	-2,665396	1,213033	1,065321	219382,283548	42,580758	0,008271	-0,022658	0,000000	2,044895	-0,124320	-0,124323	14,034470	-0,009126	6,895479	1,799025
33,200000	7,204988	7,216860	5,984085	0,405933	8,069591	-5452,944735	909,647738	-2990,811150	7,494504	953,487520	31,561907	28,329020	31,158882	29,249215	32,933756	-2,665539	1,213565	1,065234	219390,654269	42,564744	0,008327	-0,022486	0,000000	2,045175	-0,124323	-0,124318	14,022457	-0,009499	6,876712	1,797436
33,400000	7,202100	7,214009	5,982525	0,405292	8,076752	-5261,740707	909,562372	-2990,755492	7,492852	953,923652	31,555507	28,330443	31,160581	29,248567	32,938907	-2,665681	1,212188	1,065047	219319,469527	42,548477	0,008306	-0,022066	0,000000	2,045713	-0,124324	-0,124317	14,026689	-0,010069	6,873237	1,797906
33,600000	7,199519	7,210687	5,969539	0,404618	8,089089	-5153,039699	909,231423	-2990,791197	7,491385	954,357582	31,551402	28,332142	31,163079	29,252584	32,940414	-2,665552	1,210822	1,064557	219257,465279	42,531387	0,008186	-0,021864	0,000000	2,045797	-0,124321	-0,124324	14,030605	-0,010342	6,880527	1,798373
33,800000	7,196526	7,207158	5,966530	0,405206	8,078386	-5189,925059	909,023414	-2990,790592	7,490201	952,681821	31,550695	28,331741	31,162624	29,256954	32,936969	-2,665398	1,211588	1,064183	219326,780047	42,514397	0,008034	-0,021927	0,000000	2,045606	-0,124321	-0,124327	14,016389	-0,010199	6,877790	1,796568
34,000000	7,193112	7,203698	5,972692	0,405848	8,066371	-5391,076512	909,081115	-2990,775919	7,488994	951,125423	31,552682	28,330606	31,156601	29,256672	32,932012	-2,665402	1,211652	1,064818	219454,402872	42,499420	0,007982	-0,021862	0,000000	2,045957	-0,124322	-0,124327	14,002952	-0,009842	6,866266	1,794890
34,200000	7,189581	7,200390	5,969163	0,405316	8,067545	-5823,393510	909,085707	-2990,915722	7,487468	951,757384	31,553754	28,330099	31,152315	29,252131	32,928101	-2,665467	1,209550	1,065045	219503,398409	42,486046	0,008022	-0,021796	0,000000	2,046674	-0,124320	-0,124326	14,008188	-0,009765	6,864726	1,795571
34,400000	7,186003	7,197077	5,961074	0,404525	8,057273	-6233,370911	908,950037	-2991,040512	7,485775	954,027690	31,550641	28,329866	31,159635	29,248518	32,927234	-2,665511	1,208519	1,064626	219523,072711	42,472841	0,008148	-0,021911	0,000000	2,046464	-0,124321	-0,124324	14,027588	-0,010094	6,867972	1,798018
34,600000	7,182810	7,194049	5,957586	0,404558	8,042346	-6178,765873	908,788310	-2990,971592	7,484191	955,598153	31,546275	28,329910	31,170673	29,246951	32,931302	-2,665536	1,209046	1,064299	219548,394477	42,459430	0,008305	-0,022054	0,000000	2,045251	-0,124322	-0,124322	14,041149	-0,010474	6,866961	1,799708
34,800000	7,179784	7,190909	5,957813	0,404854	8,050122	-5809,199230	908,789706	-2990,814898	7,482754	955,726085	31,544211	28,330978	31,167809	29,247402	32,937151	-2,665701	1,208770	1,062643	219509,165307	42,446062	0,008361	-0,022391	0,000000	2,044506	-0,124322	-0,124321	14,042361	-0,010613	6,861849	1,799846
35,000000	7,176639	7,187202	5,946967	0,404778	8,061286	-5635,589751	908,812089	-2990,779624	7,481520	955,502046	31,545231	28,332488	31,157941	29,252621	32,937648	-2,665903	1,207220	1,062124	219414,959400	42,432266	0,008293	-0,022707	0,000000	2,045006	-0,124322	-0,124319	14,040154	-0,010286	6,866967	1,799605
35,200000	7,173612	7,184529	5,943099	0,405246	8,047001	-5759,629852	908,938276	-2990,899199	7,480201	955,468014	31,546035	28,333331	31,155573	29,258722	32,933706	-2,665857	1,206922	1,064168	219406,527941	42,418184	0,008119	-0,022452	0,000000	2,046100	-0,124321	-0,124324	14,039101	-0,009518	6,866198	1,799568
35,400000	7,170487	7,182021	5,953925	0,405924	8,029817	-5892,040950	908,781427	-2991,028007	7,478694	956,412240	31,540907	28,331909	31,161553	29,258353	32,930288	-2,665639	1,207440	1,065884	219546,320373	42,404058	0,007760	-0,021919	0,000000	2,046544	-0,124326	-0,124331	14,046561	-0,009057	6,851274	1,800584
35,600000	7,167234	7,178313	5,943150	0,405279	8,033570	-6097,880887	908,004998	-2991,153576	7,477278	958,484899	31,532664	28,329024	31,167075	29,252332	32,927277	-2,665736	1,207865	1,065172	219673,686874	42,388628	0,007513	-0,021695	0,000000	2,046185	-0,124335	-0,124327	14,064359	-0,009480	6,856505	1,802813
35,800000	7,164147	7,174922	5,916570	0,403947	8,034167	-6400,498360	907,572189	-2991,303215	7,475775	959,008570	31,530317	28,328465	31,164387	29,247224	32,925493	-2,666069	1,208901	1,063947	219658,188733	42,372896	0,007725	-0,021836	0,000000	2,045525	-0,124338	-0,124318	14,069474	-0,010208	6,877436	1,803376
36,000000	7,161136	7,172187	5,924853	0,403622	8,018409	-6412,970428	908,082017	-2991,299173	7,474274	957,017528	31,534544	28,330633	31,159646	29,246496	32,927019	-2,666116	1,210728	1,062874	219590,475148	42,359811	0,008152	-0,022247	0,000000	2,044891	-0,124332	-0,124314	14,053045	-0,010466	6,864613	1,801235
36,200000	7,158030	7,169022	5,952103	0,404194	8,017054	-6181,884700	908,977624	-2991,003889	7,473020	955,319027	31,538085	28,333437	31,159292	29,249031	32,928807	-2,666013	1,213824	1,063297	219572,127787	42,347818	0,008399	-0,022636	0,000000	2,044665	-0,124326	-0,124317	14,038555	-0,010223	6,833000	1,799408
36,400000	7,154898	7,166196	5,944261	0,404301	8,037098	-6131,847813	909,361717	-2990,758889	7,471781	955,075795	31,537078	28,334928	31,158268	29,252053	32,929063	-2,666026	1,216123	1,065644	219553,156325	42,333668	0,008281	-0,022481	0,000000	2,044995	-0,124325	-0,124320	14,036418	-0,010126	6,836015	1,799146
36,600000	7,151873	7,163567	5,926030	0,404137	8,038639	-6314,388214	908,929123	-2990,919327	7,470366	956,170970	31,532560	28,333766	31,156253	29,254320	32,931233	-2,665946	1,216383	1,065398	219508,262592	42,318385	0,008088	-0,021956	0,000000	2,045994	-0,124325	-0,124320	14,045883	-0,010403	6,849335	1,800325
36,800000	7,148723	7,160393	5,925076	0,404447	8,015082	-6365,686207	908,131939	-2991,203311	7,468819	958,373313	31,527389	28,331472	31,158907	29,254829	32,934908	-2,665643	1,215395	1,062598	219500,125354	42,303410	0,008106	-0,021634	0,000000	2,046794	-0,124324	-0,124318	14,064633	-0,010689	6,845302	1,802693
37,000000	7,145312	7,157260	5,921235	0,404527	8,009030	-6310,423769	907,586909	-2991,290831	7,467447	958,963143	31,523556	28,329666	31,162267	29,253169	32,934558	-2,665581	1,215083	1,061626	219544,250068	42,288713	0,008213	-0,021740	0,000000	2,046655	-0,124326	-0,124317	14,069709	-0,010823	6,844212	1,803327
37,200000	7,142132	7,153626	5,904929	0,404271	8,018997	-6422,556266	907,521621	-2991,245406	7,466266	956,998106	31,523164	28,328744	31,161336	29,251812	32,929706	-2,665900	1,214884	1,063928	219625,768043	42,274447	0,008231	-0,022136	0,000000	2,045912	-0,124325	-0,124318	14,053078	-0,010662	6,855026	1,801214
37,400000	7,139060	7,150078	5,903028	0,404450	8,002854	-6484,372272	907,998760	-2991,207375	7,464842	955,335198	31,527177	28,329434	31,157926	29,251091	32,925826	-2,666169	1,212013	1,065217	219736,757379	42,261410	0,008164	-0,022478	0,000000	2,045245	-0,124320	-0,124320	14,038521	-0,010053	6,851718	1,799425
37,600000	7,135696	7,147588	5,924757	0,404712	7,980250	-6299,786147	908,822813	-2991,122178	7,463179	955,137014	31,530196	28,331782	31,155586	29,250402	32,926401	-2,666234	1,209091	1,065129	219785,969433	42,250084	0,008195	-0,022539	0,000000	2,045297	-0,124316	-0,124325	14,036399	-0,009594	6,826155	1,799212
37,800000	7,132452	7,144564	5,941552	0,404649	7,997611	-6220,546626	908,981428	-2991,068365	7,461595	956,232247	31,526425	28,333421	31,157480	29,250240	32,929931	-2,666134	1,208505	1,064588	219723,451581	42,238581	0,008271	-0,022413	0,000000	2,045710	-0,124318	-0,124329	14,045882	-0,009888	6,805231	1,800391
38,000000	7,129660	7,141005	5,922827	0,404284	8,021027	-6489,044229	908,035212	-2991,201676	7,460163	958,400308	31,516330	28,332050	31,163082	29,250211	32,932385	-2,666006	1,206544	1,063174	219651,715889	42,224527	0,008213	-0,022204	0,000000	2,045810	-0,124323	-0,124326	14,064637	-0,010467	6,818571	1,802722
38,200000	7,126980	7,138518	5,900715	0,403500	8,006510	-6804,832542	907,335487	-2991,289902	7,458862	958,950057	31,508650	28,330189	31,164706	29,252053	32,933372	-2,665995	1,203129	1,062514	219618,134907	42,209955	0,008037	-0,022073	0,000000	2,045506	-0,124325	-0,124320	14,069710	-0,010934	6,836081	1,803313
38,400000	7,123818	7,135527	5,909668	0,403463	7,991685	-6850,042832	907,733037	-2991,250733	7,457437	956,955747	31,510621	28,330683	31,159545	29,255821	32,932135	-2,666048	1,204143	1,063889	219585,783420	42,197396	0,007879	-0,022208	0,000000	2,045278	-0,124326	-0,124317	14,053078	-0,011017	6,822535	1,801169
38,600000	7,120347	7,132161	5,911421	0,404653	8,001741	-6691,207790	908,214902	-2991,220821	7,455925	955,273793	31,515608	28,330921	31,156063	29,255812	32,927473	-2,666093	1,208649	1,064575	219597,914026	42,184706	0,007867	-0,022359	0,000000	2,045402	-0,124324	-0,124320	14,038521	-0,010568	6,815839	1,799359
38,800000	7,117274	7,129439	5,895481	0,405230	7,998850	-6592,242338	908,180017	-2991,203602	7,454714	955,063124	31,515656	28,330048	31,155766	29,250026	32,923557	-2,666137	1,210823	1,062713	219673,535031	42,171639	0,007956	-0,022443	0,000000	2,045891	-0,124324	-0,124324	14,036399	-0,010214	6,827228	1,799132
39,000000	7,114488	7,125835	5,887746	0,404539	7,973891	-6539,312412	908,123889	-2991,174291	7,453267	956,200810	31,512136	28,329925	31,157279	29,244039	32,923780	-2,666157	1,211807	1,061472	219677,595906	42,159515	0,008021	-0,022577	0,000000	2,046619	-0,124328	-0,124330	14,045882	-0,010152	6,829944	1,800357
39,200000	7,111419	7,122660	5,901948	0,404021	7,962331	-6381,013719	908,170707	-2991,190773	7,450225	958,408276	31,508538	28,329886	31,162535	29,243180	32,928463	-2,666213	1,213011	1,061917	219512,205956	42,147787	0,008049	-0,022593	0,000000	2,046465	-0,124327	-0,124330	14,064637	-0,010400	6,811423	1,802731
39,400000	7,108104	7,120410	5,905570	0,404131	7,975251	-6179,065389	907,988372	-2991,194605	7,446747	959,846992	31,506314	28,329787	31,166203	29,247259	32,933682	-2,666383	1,213331	1,064664	219305,958768	42,136943	0,008103	-0,022430	0,000000	2,045303	-0,124326	-0,124323	14,077127	-0,010839	6,804290	1,804277
39,600000	7,104998	7,117291	5,888768	0,404290	7,980786	-6081,368445	907,681214	-2991,092381	7,445495	959,945236	31,504608	28,329987	31,161388	29,252533	32,935026	-2,666417	1,212852	1,066092	219226,469133	42,125699	0,008176	-0,022169	0,000000	2,044747	-0,124329	-0,124316	14,078071	-0,010959	6,816354	1,804382
39,800000	7,102296	7,114127	5,884713	0,404320	7,964785	-5977,088441	907,776374	-2991,067583	7,445466	959,710973	31,503632	28,330081	31,153944	29,256108	32,933039	-2,666217	1,211007	1,063935	219221,088177	42,112334	0,008251	-0,021908	0,000000	2,045331	-0,124329	-0,124314	14,075973	-0,010824	6,815376	1,804130
40,000000	7,099524	7,111494	5,895937	0,404363	7,963646	-5663,638333	908,057136	-2991,160150	7,444837	959,618034	31,504603	28,329813	31,155554	29,255778	32,929628	-2,665962	1,210185	1,061469	219184,157584	42,099142	0,008256	-0,021664	0,000000	2,046121	-0,124325	-0,124319	14,075014	-0,010642	6,799965	1,804031
40,200000	7,096351	7,108014	5,903283	0,404691	7,985141	-5559,587187	908,171270	-2991,231368	7,443654	959,631222	31,505794	28,329270	31,162246	29,249978	32,927378	-2,665843	1,212196	1,060798	219170,417101	42,087430	0,008195	-0,021593	0,000000	2,046173	-0,124325	-0,124324	14,075070	-0,010588	6,788073	1,804045
40,400000	7,093205	7,104493	5,885609	0,404890	7,981713	-5946,909356	908,068913	-2991,257447	7,442215	959,653206	31,504859	28,328460	31,164201	29,242416	32,927420	-2,666027	1,214461	1,062624	219245,042765	42,076540	0,008223	-0,021845	0,000000	2,045607	-0,124326	-0,124325	14,075278	-0,010612	6,800866	1,804068
40,600000	7,090260	7,102076	5,874575	0,404758	7,954859	-6197,863854	907,919570	-2991,219307	7,440779	959,659452	31,503226	28,328311	31,159489	29,240318	32,928823	-2,666235	1,213875	1,066377	219314,189635	42,067111	0,008293	-0,022192	0,000000	2,044926	-0,124325	-0,124323	14,075344	-0,010626	6,808134	1,804075
40,800000	7,087085	7,099011	5,890582	0,404789	7,951168	-6227,282261	908,212089	-2991,135092	7,439202	958,760418	31,503946	28,329844	31,154938	29,245450	32,930954	-2,666256	1,211766	1,067355	219279,998787	42,057344	0,008269	-0,022494	0,000000	2,044484	-0,124321	-0,124324	14,067911	-0,010723	6,788003	1,803109
41,000000	7,083619	7,095100	5,882082	0,404794	7,966770	-6472,084960	908,558323	-2991,085392	7,437487	956,664818	31,503731	28,332239	31,156634	29,250845	32,931428	-2,666296	1,212402	1,064171	219250,570644	42,045334	0,008121	-0,022676	0,000000	2,044774	-0,124319	-0,124328	14,050316	-0,010694	6,791156	1,800856
41,200000	7,080676	7,092399	5,859154	0,404505	7,959666	-6627,073299	908,231948	-2991,102865	7,435996	956,090597	31,498213	28,333500	31,159803	29,251166	32,929393	-2,666392	1,215012	1,061859	219301,139548	42,034208	0,008061	-0,022546	0,000000	2,045722	-0,124319	-0,124328	14,045270	-0,010465	6,809856	1,800238
41,400000	7,078324	7,090278	5,869505	0,404296	7,938168	-6443,094435	907,507948	-2991,247677	7,434705	958,063298	31,492163	28,331965	31,158667	29,247670	32,928169	-2,666428	1,216443	1,061062	219314,271596	42,025754	0,008078	-0,022212	0,000000	2,046524	-0,124324	-0,124323	14,061685	-0,010340	6,796434	1,802360
41,600000	7,075590	7,087361	5,876030	0,404188	7,947955	-6158,776270	907,358706	-2991,451413	7,433383	960,666587	31,490180	28,330419	31,157621	29,243226	32,929713	-2,666312	1,216040	1,062618	219241,468948	42,016269	0,008183	-0,022039	0,000000	2,046620	-0,124333	-0,124320	14,083574	-0,010423	6,786001	1,805157
41,800000	7,072459	7,084188	5,868017	0,404035	7,974245	-6043,815182	907,898096	-2991,474401	7,432038	962,136581	31,490782	28,330348	31,160992	29,241661	32,929995	-2,666138	1,215222	1,064897	219136,311589	42,003958	0,008506	-0,022189	0,000000	2,045970	-0,124333	-0,124320	14,095865	-0,010413	6,789349	1,806735
42,000000	7,069350	7,080836	5,869566	0,404031	7,968556	-6129,984282	908,253093	-2991,257632	7,430848	961,293030	31,492160	28,330205	31,160444	29,244129	32,926496	-2,666204	1,215702	1,065321	219047,855539	41,991675	0,008421	-0,022547	0,000000	2,045002	-0,124325	-0,124322	14,088704	-0,010310	6,783002	1,805829
42,200000	7,066285	7,077931	5,871298	0,404066	7,944020	-6100,281898	908,255399	-2991,000792	7,429709	959,800329	31,494024	28,330816	31,155198	29,247875	32,925465	-2,666338	1,215823	1,065061	218962,580779	41,981145	0,007945	-0,022859	0,000000	2,044778	-0,124322	-0,124325	14,076233	-0,010335	6,777014	1,804226
42,400000	7,063364	7,075273	5,875024	0,403782	7,938216	-5857,287785	908,207300	-2990,926496	7,428312	959,409074	31,494316	28,331962	31,155554	29,250163	32,929407	-2,666164	1,213753	1,063812	218851,387161	41,972318	0,007851	-0,022897	0,000000	2,045480	-0,124324	-0,124324	14,073028	-0,010406	6,769659	1,803806
42,600000	7,060594	7,071689	5,878749	0,403759	7,945548	-5600,745343	907,927714	-2991,033589	7,426847	959,553112	31,488686	28,332033	31,161715	29,250229	32,933708	-2,665937	1,212383	1,062642	218753,062325	41,963779	0,008092	-0,022615	0,000000	2,046185	-0,124326	-0,124323	14,074285	-0,010457	6,761740	1,803961
42,800000	7,057925	7,068721	5,874176	0,404447	7,942865	-5463,442971	907,494817	-2991,184016	7,425494	959,679409	31,481662	28,330203	31,165271	29,248264	32,935386	-2,665982	1,213448	1,063055	218639,957136	41,954239	0,008348	-0,022251	0,000000	2,046305	-0,124328	-0,124327	14,075377	-0,010492	6,762338	1,804097
43,000000	7,055353	7,067110	5,863115	0,404612	7,938120	-5576,718604	907,306769	-2991,216417	7,424025	959,699394	31,481663	28,328408	31,163086	29,245895	32,933968	-2,666088	1,214058	1,064419	218498,318043	41,945187	0,008541	-0,022213	0,000000	2,045875	-0,124326	-0,124331	14,075535	-0,010482	6,770429	1,804118
43,200000	7,052540	7,064286	5,858042	0,404013	7,944440	-5809,675729	907,660280	-2991,154456	7,422496	959,670651	31,486716	28,328861	31,158563	29,246509	32,930718	-2,666142	1,213264	1,065480	218508,423894	41,934711	0,008423	-0,022436	0,000000	2,045307	-0,124325	-0,124327	14,075379	-0,010567	6,771264	1,804087
43,400000	7,049165	7,060322	5,864869	0,403771	7,940739	-5809,163652	908,321630	-2991,143806	7,421041	959,646212	31,489669	28,330944	31,154866	29,247589	32,926600	-2,666366	1,212577	1,064662	218712,589277	41,921030	0,008097	-0,022531	0,000000	2,044961	-0,124327	-0,124323	14,075290	-0,010683	6,758851	1,804061
43,600000	7,045815	7,057176	5,860620	0,403975	7,924664	-5646,706541	908,562518	-2991,170919	7,419674	960,539022	31,487628	28,331961	31,153950	29,245289	32,922796	-2,666738	1,212311	1,062141	218866,214395	41,909688	0,008007	-0,022547	0,000000	2,044888	-0,124327	-0,124321	14,082706	-0,010623	6,758524	1,805020
43,800000	7,043174	7,054379	5,840764	0,403862	7,922100	-5621,228703	908,394233	-2991,223394	7,418257	962,640253	31,482635	28,331866	31,154773	29,242786	32,923500	-2,666835	1,212663	1,061737	218857,927973	41,902713	0,008094	-0,022676	0,000000	2,045230	-0,124326	-0,124319	14,100297	-0,010632	6,774709	1,807275
44,000000	7,040909	7,051986	5,842312	0,403106	7,918858	-5634,986063	908,043310	-2991,315460	7,416537	963,245566	31,478183	28,331024	31,155844	29,243759	32,929945	-2,666486	1,213091	1,063354	218763,581728	41,895999	0,008147	-0,022714	0,000000	2,045723	-0,124326	-0,124322	14,105346	-0,010619	6,770116	1,807924
44,200000	7,038249	7,049406	5,857079	0,402873	7,905561	-5509,115976	907,477675	-2991,343043	7,415078	961,326509	31,476297	28,328735	31,158530	29,248835	32,936052	-2,666109	1,212843	1,065196	218681,183734	41,887015	0,008207	-0,022386	0,000000	2,045755	-0,124321	-0,124328	14,088933	-0,010258	6,752009	1,805865
44,400000	7,034977	7,045765	5,845996	0,403415	7,910924	-5576,632479	907,270112	-2991,273058	7,414127	959,643675	31,476189	28,328112	31,160832	29,253601	32,934875	-2,666168	1,212218	1,065751	218672,665441	41,875786	0,008290	-0,022038	0,000000	2,045850	-0,124320	-0,124330	14,074461	-0,009875	6,758147	1,804058
44,600000	7,031645	7,042629	5,825579	0,403617	7,920190	-5905,099088	907,585711	-2991,325238	7,413053	959,398979	31,475766	28,329557	31,159025	29,252597	32,927448	-2,666537	1,211378	1,063198	218710,465379	41,864359	0,008223	-0,022115	0,000000	2,046501	-0,124327	-0,124331	14,072328	-0,009791	6,773823	1,803795
44,800000	7,028490	7,040483	5,832274	0,403636	7,902444	-5977,314152	907,995691	-2991,548079	7,411665	959,620217	31,473680	28,331905	31,155143	29,246454	32,922787	-2,666724	1,210991	1,060921	218781,805443	41,855004	0,008078	-0,022344	0,000000	2,046931	-0,124331	-0,124328	14,074373	-0,009984	6,763713	1,804033
45,000000	7,025333	7,037801	5,842660	0,404000	7,886223	-5968,842562	907,899939	-2991,637988	7,410170	959,735738	31,470486	28,333487	31,157672	29,240844	32,924624	-2,666571	1,211468	1,062248	218874,299315	41,846442	0,008150	-0,022306	0,000000	2,046431	-0,124332	-0,124323	14,075547	-0,010190	6,749813	1,804157
45,200000	7,022523	7,034423	5,826041	0,404484	7,894343	-6207,637743	907,260209	-2991,544078	7,408738	958,838949	31,467727	28,331871	31,161961	29,239146	32,928038	-2,666505	1,211910	1,064115	218927,604659	41,835784	0,008343	-0,022198	0,000000	2,045225	-0,124330	-0,124317	14,068163	-0,010317	6,761834	1,803194
45,400000	7,020186	7,031610	5,826246	0,404337	7,893363	-6245,208617	906,931098	-2991,445347	7,407089	956,702027	31,466084	28,329342	31,157930	29,241405	32,928572	-2,666708	1,212623	1,064599	218923,112522	41,825115	0,008377	-0,022428	0,000000	2,044465	-0,124323	-0,124317	14,050370	-0,010436	6,757502	1,800896
45,600000	7,017676	7,028972	5,844086	0,403576	7,879684	-6013,524912	907,050058	-2991,390287	7,405156	955,201754	31,465795	28,328707	31,152802	29,247768	32,926841	-2,666662	1,213600	1,064529	218899,134294	41,817208	0,008249	-0,022615	0,000000	2,044898	-0,124318	-0,124323	14,037823	-0,010475	6,736266	1,799282
45,800000	7,014592	7,025760	5,833427	0,403344	7,894038	-5864,431558	907,296253	-2991,381167	7,403695	955,942782	31,465019	28,329851	31,151474	29,253077	32,925359	-2,666448	1,213882	1,063819	218890,395108	41,809325	0,008241	-0,022508	0,000000	2,045695	-0,124322	-0,124329	14,044089	-0,010523	6,742759	1,800079
46,000000	7,011525	7,022987	5,827213	0,404139	7,911136	-5833,819180	907,177715	-2991,450729	7,402841	958,258013	31,460595	28,329213	31,154010	29,251064	32,924491	-2,666521	1,213655	1,064031	218921,082392	41,800001	0,008321	-0,022436	0,000000	2,046008	-0,124329	-0,124331	14,063695	-0,010717	6,745136	1,802569
46,200000	7,009017	7,020982	5,833305	0,404586	7,888167	-5894,079937	906,548184	-2991,499945	7,401851	959,845738	31,455607	28,325796	31,157744	29,243643	32,925184	-2,666717	1,214089	1,063920	218905,476048	41,790967	0,008293	-0,022260	0,000000	2,046255	-0,124330	-0,124327	14,077131	-0,010852	6,736131	1,804275
46,400000	7,006478	7,018227	5,816853	0,403889	7,871133	-6088,265132	906,153316	-2991,533261	7,400481	960,002637	31,455908	28,325054	31,156453	29,238534	32,926576	-2,666729	1,214942	1,063685	218755,650392	41,780090	0,008305	-0,021960	0,000000	2,045904	-0,124328	-0,124322	14,078256	-0,010664	6,748322	1,804444
46,600000	7,003534	7,014154	5,804981	0,403340	7,882669	-6310,752344	906,334381	-2991,560417	7,398990	959,772119	31,460446	28,327414	31,155601	29,240444	32,925861	-2,666656	1,214847	1,063783	218626,459272	41,766521	0,008368	-0,021947	0,000000	2,044778	-0,124324	-0,124321	14,076041	-0,010380	6,754406	1,804196
46,800000	7,000659	7,011135	5,813835	0,403427	7,871892	-6229,605648	906,919273	-2991,420172	7,397603	958,777909	31,462720	28,328999	31,157299	29,246137	32,924982	-2,666710	1,214992	1,063334	218606,371517	41,756394	0,008269	-0,022115	0,000000	2,044550	-0,124321	-0,124324	14,067585	-0,010251	6,741435	1,803128
47,000000	6,997898	7,009869	5,819396	0,403798	7,852300	-5916,471964	907,283480	-2991,267482	7,396264	957,553358	31,458628	28,329478	31,153188	29,250550	32,926020	-2,666771	1,214749	1,063950	218607,633660	41,751618	0,008013	-0,022108	0,000000	2,045595	-0,124321	-0,124328	14,057477	-0,010405	6,733989	1,801812
47,200000	6,995054	7,007326	5,806684	0,404508	7,871187	-5841,954904	907,169010	-2991,337907	7,394692	958,141858	31,451990	28,329843	31,149701	29,251339	32,929351	-2,666633	1,213105	1,064254	218621,858029	41,744490	0,007816	-0,022093	0,000000	2,046974	-0,124327	-0,124330	14,062815	-0,010810	6,743201	1,802444
47,400000	6,992150	7,003362	5,798083	0,405036	7,885341	-5924,506843	906,960457	-2991,548556	7,393042	959,498214	31,447394	28,329928	31,156573	29,248678	32,932303	-2,666382	1,212811	1,062701	218656,210129	41,731187	0,007887	-0,022229	0,000000	2,047282	-0,124333	-0,124331	14,074184	-0,010816	6,746400	1,803902
47,600000	6,989070	7,000080	5,815402	0,404766	7,858527	-5855,825359	906,731694	-2991,634602	7,391624	959,935136	31,444782	28,329066	31,164149	29,245720	32,930294	-2,666478	1,213213	1,063036	218663,972241	41,718391	0,008166	-0,022357	0,000000	2,046258	-0,124334	-0,124328	14,077340	-0,010313	6,724590	1,804371
47,800000	6,985906	6,997509	5,814587	0,404112	7,850612	-5875,660124	906,486019	-2991,562244	7,390328	959,856134	31,445379	28,328286	31,162501	29,244938	32,925025	-2,666877	1,212585	1,064376	218599,509849	41,710910	0,008232	-0,022494	0,000000	2,045114	-0,124329	-0,124325	14,076280	-0,009914	6,722005	1,804286
48,000000	6,983165	6,995640	5,794984	0,403453	7,877135	-6078,460434	906,527664	-2991,481096	7,388918	959,755722	31,448694	28,328490	31,157080	29,244501	32,920468	-2,667022	1,212727	1,063011	218493,100758	41,705290	0,008106	-0,022834	0,000000	2,044670	-0,124323	-0,124328	14,075270	-0,009746	6,738816	1,804179
48,200000	6,980816	6,993290	5,806902	0,403198	7,873674	-6344,860780	907,057573	-2991,407398	7,387359	959,722891	31,449696	28,329853	31,154605	29,243286	32,919674	-2,666918	1,212851	1,062160	218429,721854	41,696023	0,008070	-0,023066	0,000000	2,044890	-0,124322	-0,124331	14,075104	-0,009855	6,723436	1,804143
48,400000	6,978197	6,989770	5,815879	0,403778	7,851882	-6683,231662	907,364961	-2991,417131	7,385956	959,712737	31,445623	28,331730	31,155531	29,243133	32,922283	-2,666815	1,212504	1,063562	218407,921957	41,682870	0,008003	-0,022862	0,000000	2,045292	-0,124325	-0,124331	14,075241	-0,010077	6,709464	1,804132
48,600000	6,975413	6,987216	5,800046	0,404038	7,863870	-6829,678227	907,054233	-2991,488284	7,384715	959,724996	31,438381	28,331316	31,160765	29,243280	32,925573	-2,666698	1,212482	1,064486	218378,830986	41,671682	0,007941	-0,022531	0,000000	2,045687	-0,124328	-0,124330	14,075324	-0,010057	6,721280	1,804146
48,800000	6,972789	6,984770	5,798777	0,403398	7,871524	-6692,053203	906,585765	-2991,516454	7,383352	959,734749	31,433409	28,328518	31,164078	29,244237	32,929599	-2,666700	1,212166	1,063513	218313,856442	41,664103	0,007994	-0,022295	0,000000	2,045786	-0,124330	-0,124327	14,075328	-0,009979	6,719390	1,804156
49,000000	6,970068	6,981545	5,805526	0,403252	7,844522	-6428,865104	906,395090	-2991,562921	7,381920	959,740548	31,434902	28,327563	31,159660	29,246625	32,930079	-2,666941	1,212087	1,062893	218227,620505	41,655722	0,008050	-0,022259	0,000000	2,045478	-0,124331	-0,124325	14,075313	-0,009916	6,708571	1,804162
49,200000	6,967492	6,979080	5,810997	0,403934	7,837692	-6188,579772	906,587210	-2991,610623	7,380598	958,866936	31,439533	28,329076	31,155740	29,246852	32,923769	-2,667035	1,212744	1,063002	218220,645780	41,645558	0,008034	-0,022425	0,000000	2,045252	-0,124331	-0,124326	14,067889	-0,009810	6,699342	1,803224
49,400000	6,965091	6,976553	5,800458	0,404215	7,865190	-6126,202222	907,046263	-2991,630554	7,379229	956,760335	31,441080	28,331044	31,154738	29,243538	32,918542	-2,666915	1,213902	1,063465	218324,668755	41,635523	0,007944	-0,022571	0,000000	2,045573	-0,124330	-0,124327	14,050315	-0,009892	6,705929	1,800959
49,600000	6,962369	6,973980	5,775316	0,403960	7,874368	-6132,977608	907,211523	-2991,675920	7,377730	955,235212	31,437639	28,331921	31,152242	29,239411	32,919867	-2,666874	1,215022	1,063433	218408,140778	41,625751	0,007968	-0,022645	0,000000	2,046063	-0,124330	-0,124325	14,037857	-0,010227	6,727023	1,799318
49,800000	6,959567	6,971214	5,787388	0,404001	7,859823	-6178,469682	906,826981	-2991,706130	7,376346	955,940789	31,432541	28,331046	31,151413	29,238645	32,925102	-2,666900	1,215410	1,064108	218435,640599	41,615956	0,008113	-0,022622	0,000000	2,045932	-0,124327	-0,124324	14,044112	-0,010563	6,711126	1,800077
50,000000	6,956896	6,967473	5,801916	0,404259	7,856704	-6553,207842	906,535486	-2991,670255	7,374945	957,376436	31,428559	28,331425	31,154958	29,241963	32,929556	-2,667069	1,214288	1,064724	218498,035323	41,606726	0,008110	-0,022555	0,000000	2,045254	-0,124325	-0,124328	14,056280	-0,010691	6,692205	1,801621
50,200000	6,954168	6,965102	5,789792	0,403971	7,856371	-7084,140890	906,542274	-2991,551805	7,373544	956,877317	31,425332	28,332081	31,155619	29,245923	32,929800	-2,667156	1,212772	1,063466	218513,085699	41,598760	0,007906	-0,022582	0,000000	2,044865	-0,124328	-0,124332	14,052134	-0,010730	6,700892	1,801085
50,400000	6,951406	6,963322	5,800883	0,403094	7,838815	-7306,587750	906,549013	-2991,443938	7,372241	955,522036	31,423877	28,329983	31,150787	29,248923	32,926447	-2,667010	1,213497	1,063705	218391,847757	41,590394	0,007779	-0,022572	0,000000	2,045432	-0,124331	-0,124332	14,040802	-0,010766	6,687043	1,799626
50,600000	6,948413	6,960096	5,801972	0,402907	7,831788	-7320,599682	906,317063	-2991,506122	7,370899	955,113717	31,423679	28,327593	31,152741	29,247985	32,922175	-2,666949	1,215870	1,064005	218244,494783	41,579107	0,007928	-0,022433	0,000000	2,046471	-0,124327	-0,124331	14,037427	-0,010817	6,681541	1,799187
50,800000	6,945314	6,957821	5,782248	0,403679	7,852127	-7305,562574	906,025748	-2991,651230	7,369554	955,214177	31,422057	28,326879	31,160271	29,240721	32,919953	-2,666954	1,216823	1,062502	218176,606223	41,566582	0,008017	-0,022220	0,000000	2,046360	-0,124327	-0,124327	14,038398	-0,010946	6,697250	1,799295
51,000000	6,942819	6,955496	5,792513	0,403705	7,864847	-7270,848565	905,936613	-2991,679326	7,368079	955,331899	31,420349	28,326397	31,159816	29,234649	32,921459	-2,666955	1,214636	1,061679	218184,197558	41,554798	0,007982	-0,022168	0,000000	2,045206	-0,124332	-0,124321	14,039418	-0,010978	6,683261	1,799422
51,200000	6,940749	6,952284	5,797929	0,402588	7,851187	-7304,008884	905,944193	-2991,618167	7,366494	955,352339	31,420887	28,327017	31,153411	29,236052	32,925028	-2,667024	1,211962	1,062455	218190,463432	41,542876	0,008203	-0,022420	0,000000	2,044437	-0,124334	-0,124318	14,039605	-0,010993	6,673154	1,799444
51,400000	6,938438	6,950295	5,787956	0,401956	7,841574	-7358,828957	906,235417	-2991,592930	7,365109	954,443325	31,421743	28,330121	31,150840	29,242231	32,926607	-2,667130	1,211476	1,064486	218174,892317	41,531775	0,008390	-0,022682	0,000000	2,044152	-0,124331	-0,124321	14,032057	-0,011074	6,679387	1,798465
51,600000	6,935681	6,947653	5,787121	0,402493	7,850566	-7297,400138	906,502016	-2991,569747	7,363907	952,361267	31,418796	28,332261	31,154516	29,247376	32,925475	-2,667227	1,212227	1,065357	218203,296701	41,522290	0,008159	-0,022816	0,000000	2,044717	-0,124327	-0,124327	14,014397	-0,010899	6,676494	1,796222
51,800000	6,932887	6,944872	5,779760	0,402977	7,848573	-7082,843193	906,359592	-2991,560231	7,362583	951,793951	31,413012	28,331740	31,158555	29,247581	32,923761	-2,667228	1,213168	1,063154	218243,145900	41,511698	0,007888	-0,022833	0,000000	2,045917	-0,124327	-0,124329	14,009349	-0,010619	6,679808	1,795611
52,000000	6,930509	6,942624	5,772628	0,402907	7,832213	-6920,336103	906,254182	-2991,703551	7,361111	953,762199	31,409669	28,330590	31,157925	29,244781	32,923738	-2,667011	1,213001	1,061453	218217,930471	41,499963	0,007821	-0,022689	0,000000	2,046412	-0,124329	-0,124327	14,025776	-0,010512	6,683081	1,797732
52,200000	6,928173	6,939101	5,767571	0,402882	7,829058	-6974,938559	906,334210	-2991,862355	7,359804	955,494361	31,409793	28,330144	31,155293	29,242012	32,925769	-2,666773	1,211890	1,061304	218164,810208	41,489576	0,007944	-0,022559	0,000000	2,046194	-0,124332	-0,124325	14,040252	-0,010448	6,683388	1,799597
52,400000	6,925578	6,936803	5,770776	0,402711	7,833968	-7039,250529	906,563149	-2991,812286	7,358621	955,778353	31,411546	28,329859	31,154712	29,240035	32,925802	-2,666928	1,210771	1,061956	218144,726528	41,479809	0,008227	-0,022607	0,000000	2,045558	-0,124329	-0,124325	14,042385	-0,010198	6,676702	1,799902
52,600000	6,922773	6,935189	5,782638	0,402654	7,832354	-7127,896270	906,653793	-2991,635902	7,357289	954,708437	31,412728	28,328679	31,153037	29,240054	32,922793	-2,667341	1,208340	1,063266	218152,268825	41,469325	0,008377	-0,022637	0,000000	2,044484	-0,124323	-0,124328	14,032921	-0,009713	6,661954	1,798751
52,800000	6,919818	6,931882	5,769969	0,403005	7,833885	-7389,946644	906,434523	-2991,523619	7,355875	952,485260	31,412801	28,328192	31,149198	29,242355	32,921091	-2,667493	1,204806	1,064216	218163,395793	41,457527	0,008397	-0,022389	0,000000	2,044378	-0,124325	-0,124331	14,014172	-0,009633	6,669681	1,796356
53,000000	6,916981	6,929559	5,771464	0,403396	7,832021	-7472,478103	906,614212	-2991,580384	7,354549	951,817458	31,410576	28,330586	31,153399	29,244243	32,923827	-2,667263	1,204347	1,063872	218176,353747	41,445628	0,008462	-0,022175	0,000000	2,045856	-0,124331	-0,124333	14,009096	-0,010169	6,664376	1,795636
53,200000	6,914572	6,927565	5,800982	0,403708	7,822975	-7372,925624	906,793309	-2991,698359	7,353192	953,765352	31,403876	28,332466	31,163805	29,243747	32,927938	-2,666965	1,206509	1,062497	218192,477873	41,435143	0,008410	-0,022188	0,000000	2,046868	-0,124331	-0,124333	14,025727	-0,010436	6,632243	1,797735
53,400000	6,912280	6,924578	5,781818	0,403389	7,829118	-7478,138844	905,959507	-2991,787855	7,351634	955,551472	31,397223	28,330801	31,166315	29,241018	32,928430	-2,666914	1,207774	1,061320	218199,817958	41,423034	0,008178	-0,022205	0,000000	2,046450	-0,124329	-0,124332	14,040283	-0,010000	6,646654	1,799658
53,600000	6,909685	6,922087	5,753938	0,402561	7,840310	-7571,972048	905,297118	-2991,879376	7,350143	955,866538	31,397213	28,328453	31,161693	29,238613	32,924541	-2,667053	1,209785	1,061345	218197,135541	41,408251	0,008027	-0,022329	0,000000	2,045514	-0,124326	-0,124332	14,042406	-0,009480	6,669602	1,799997
53,800000	6,906946	6,919014	5,769703	0,402118	7,825598	-7424,099250	905,411832	-2991,837628	7,348762	955,613290	31,402709	28,327956	31,156938	29,240121	32,918647	-2,667191	1,213384	1,062288	218187,221221	41,395296	0,008106	-0,022425	0,000000	2,044811	-0,124326	-0,124329	14,040340	-0,009538	6,649283	1,799725
54,000000	6,904252	6,916144	5,769203	0,402422	7,807233	-7276,203683	905,356390	-2991,642474	7,347313	955,425009	31,406722	28,329545	31,153643	29,240957	32,914746	-2,667370	1,217446	1,063624	218168,168087	41,385469	0,008283	-0,022279	0,000000	2,044812	-0,124329	-0,124326	14,039161	-0,009939	6,645673	1,799522
54,200000	6,901777	6,913857	5,756528	0,402882	7,812054	-7262,618708	905,151050	-2991,534326	7,346031	955,390236	31,405111	28,330122	31,152704	29,236715	32,915416	-2,667351	1,219357	1,064526	218161,974878	41,376604	0,008312	-0,022172	0,000000	2,045151	-0,124330	-0,124326	14,039130	-0,010200	6,654773	1,799485
54,400000	6,899655	6,910997	5,755646	0,402580	7,810458	-7252,662848	905,245343	-2991,579487	7,344757	955,412584	31,399232	28,328490	31,154065	29,234311	32,920998	-2,667099	1,216904	1,063133	218158,615334	41,366829	0,008215	-0,022300	0,000000	2,045145	-0,124328	-0,124324	14,039349	-0,010231	6,651729	1,799509
54,600000	6,897690	6,909280	5,741507	0,402134	7,791801	-7263,926640	905,439737	-2991,724250	7,343282	955,434218	31,393685	28,328511	31,156749	29,237757	32,927146	-2,667102	1,213417	1,062736	218114,594298	41,355554	0,008324	-0,022496	0,000000	2,044976	-0,124324	-0,124321	14,039436	-0,010137	6,662494	1,799532
54,800000	6,895355	6,907316	5,727521	0,402517	7,789103	-7449,433763	905,251733	-2991,873637	7,341942	955,439385	31,391427	28,330395	31,157705	29,243169	32,928026	-2,667258	1,212607	1,062885	218108,072840	41,343657	0,008423	-0,022518	0,000000	2,044924	-0,124318	-0,124322	14,039425	-0,010083	6,672765	1,799537
55,000000	6,892401	6,903624	5,734572	0,403097	7,795113	-7529,426950	905,116521	-2991,896655	7,340718	954,575080	31,391080	28,330586	31,155456	29,245863	32,924510	-2,667363	1,214002	1,060375	218198,295336	41,330299	0,008127	-0,022383	0,000000	2,045250	-0,124317	-0,124327	14,031987	-0,009898	6,660442	1,798607
55,200000	6,889334	6,900923	5,755650	0,403215	7,786162	-7209,506400	905,584198	-2991,896067	7,339267	953,408531	31,390980	28,330289	31,152386	29,244076	32,919686	-2,667427	1,215340	1,061495	218239,028213	41,317405	0,007813	-0,022185	0,000000	2,045642	-0,124324	-0,124330	14,021823	-0,009529	6,635221	1,797351
55,400000	6,886662	6,898411	5,757251	0,402680	7,786769	-6874,879319	905,961258	-2992,001105	7,337555	954,049214	31,390492	28,331527	31,154075	29,240092	32,915607	-2,667467	1,216202	1,064687	218170,225045	41,307913	0,007903	-0,022042	0,000000	2,045370	-0,124329	-0,124324	14,026941	-0,009267	6,630020	1,798041
55,600000	6,884345	6,895224	5,730222	0,401966	7,802620	-6810,548081	905,869877	-2992,015498	7,335984	955,412430	31,388518	28,331659	31,161089	29,235887	32,916050	-2,667544	1,217344	1,063343	218091,272850	41,298686	0,008265	-0,022075	0,000000	2,045089	-0,124328	-0,124317	14,038240	-0,009124	6,652665	1,799508
55,800000	6,882120	6,893643	5,733366	0,401728	7,793106	-6721,584884	905,678678	-2991,835633	7,334833	955,791384	31,384832	28,329699	31,161743	29,233175	32,921125	-2,667529	1,218383	1,061854	218068,692176	41,288794	0,008450	-0,022144	0,000000	2,045077	-0,124326	-0,124321	14,041413	-0,009117	6,646685	1,799916
56,000000	6,879817	6,891819	5,757388	0,401611	7,772205	-6517,084148	905,359177	-2991,678961	7,333803	955,647641	31,382365	28,327811	31,153701	29,236340	32,923949	-2,667427	1,217406	1,061582	218097,566958	41,278843	0,008431	-0,022380	0,000000	2,044997	-0,124325	-0,124326	14,040373	-0,009283	6,619754	1,799762
56,200000	6,877424	6,888414	5,740861	0,401785	7,786126	-6458,261034	905,027185	-2991,654936	7,332441	955,508374	31,383267	28,327987	31,150373	29,244433	32,921792	-2,667268	1,214839	1,060576	218120,202772	41,265367	0,008471	-0,022650	0,000000	2,045155	-0,124325	-0,124325	14,039367	-0,009446	6,630899	1,799612
56,400000	6,874786	6,886138	5,724996	0,402408	7,800236	-6567,012603	905,005311	-2991,768124	7,330791	954,588316	31,382563	28,329143	31,154821	29,248159	32,919417	-2,667144	1,213917	1,061457	218125,681226	41,250860	0,008290	-0,022563	0,000000	2,045541	-0,124328	-0,124327	14,031782	-0,009582	6,642382	1,798621
56,600000	6,871887	6,884448	5,744070	0,402866	7,777203	-6590,560319	904,975373	-2991,884641	7,329402	952,498678	31,377355	28,328236	31,159194	29,244056	32,918531	-2,667213	1,212751	1,064095	218166,124495	41,240064	0,008079	-0,022496	0,000000	2,045930	-0,124329	-0,124327	14,014342	-0,009690	6,620526	1,796370
56,800000	6,869123	6,881869	5,746043	0,402540	7,764306	-6401,349522	904,904599	-2991,860353	7,328247	951,894937	31,373696	28,325880	31,160925	29,236729	32,918915	-2,667283	1,209562	1,065463	218179,791548	41,229860	0,008274	-0,022552	0,000000	2,046136	-0,124328	-0,124323	14,009382	-0,009804	6,614872	1,795720
57,000000	6,866888	6,878875	5,726267	0,401682	7,781119	-6063,965181	905,127028	-2991,900548	7,326880	953,839738	31,374158	28,325927	31,159322	29,231928	32,920258	-2,667128	1,209268	1,064775	218093,521153	41,217557	0,008408	-0,022444	0,000000	2,045562	-0,124325	-0,124322	14,025799	-0,009884	6,629811	1,797815
57,200000	6,864859	6,875575	5,716531	0,401218	7,778277	-5625,848313	905,597249	-2991,930966	7,325428	955,575019	31,376169	28,328294	31,157825	29,233941	32,919967	-2,667030	1,211922	1,062405	218047,297177	41,206035	0,008376	-0,022418	0,000000	2,044464	-0,124323	-0,124323	14,040254	-0,009774	6,634709	1,799683
57,400000	6,862335	6,873258	5,725014	0,401558	7,751567	-5321,314470	905,934236	-2991,762909	7,323980	954,952014	31,376657	28,329440	31,157450	29,239602	32,919130	-2,667238	1,212595	1,061057	218102,886066	41,197555	0,008471	-0,022583	0,000000	2,044251	-0,124326	-0,124325	14,034964	-0,009711	6,622976	1,799013
57,600000	6,859475	6,871797	5,718814	0,402523	7,750780	-5353,943741	905,693986	-2991,658750	7,322551	952,609814	31,372173	28,328994	31,152791	29,242002	32,920162	-2,667452	1,211936	1,062339	218154,039529	41,189477	0,008444	-0,022669	0,000000	2,045157	-0,124327	-0,124328	14,015344	-0,009758	6,626472	1,796490
57,800000	6,856954	6,869581	5,703101	0,403128	7,766442	-5500,106730	905,414689	-2991,783630	7,321163	950,980273	31,365684	28,328668	31,151802	29,241686	32,922391	-2,667417	1,212684	1,063190	218168,939608	41,178156	0,008224	-0,022753	0,000000	2,046156	-0,124324	-0,124330	14,001712	-0,009822	6,638317	1,794733
58,000000	6,854806	6,866747	5,717678	0,402952	7,753984	-5423,633578	905,431168	-2991,964150	7,319654	950,828463	31,361251	28,329031	31,159793	29,241531	32,924325	-2,667270	1,214270	1,063058	218172,415768	41,164367	0,008161	-0,022813	0,000000	2,046222	-0,124328	-0,124330	14,000517	-0,009903	6,619450	1,794570
58,200000	6,852483	6,864011	5,723673	0,402803	7,742784	-5116,788936	905,246731	-2991,972464	7,318298	951,996506	31,358827	28,328393	31,166978	29,240627	32,923541	-2,667228	1,214198	1,062813	218170,981781	41,151618	0,008217	-0,022683	0,000000	2,045500	-0,124332	-0,124328	14,010162	-0,009730	6,609359	1,795829
58,400000	6,849973	6,861656	5,712259	0,403059	7,761813	-4906,978489	905,075994	-2991,825778	7,317129	954,262182	31,360344	28,327980	31,164769	29,238443	32,918724	-2,667237	1,213553	1,062701	218151,564674	41,141801	0,008211	-0,022583	0,000000	2,044872	-0,124331	-0,124322	14,028794	-0,009332	6,617011	1,798270
58,600000	6,847532	6,859653	5,713647	0,403166	7,763653	-4875,040668	905,379178	-2991,682881	7,315733	955,779179	31,364594	28,330594	31,155501	29,236128	32,915120	-2,667218	1,213882	1,064540	218138,211297	41,133802	0,008208	-0,022653	0,000000	2,044744	-0,124327	-0,124320	14,041208	-0,009015	6,612403	1,799903
58,800000	6,845015	6,857635	5,719898	0,402960	7,741560	-4957,478392	905,561736	-2991,655504	7,314195	954,993384	31,364901	28,332787	31,153712	29,235548	32,917432	-2,667235	1,214320	1,065691	218147,111123	41,124808	0,008254	-0,022716	0,000000	2,045253	-0,124322	-0,124326	14,034730	-0,009130	6,603010	1,799057
59,000000	6,842275	6,854940	5,714406	0,403012	7,743404	-5276,975756	905,377458	-2991,753407	7,312880	953,471360	31,358187	28,332137	31,160330	29,236321	32,921855	-2,667320	1,215432	1,063864	218133,956808	41,112540	0,008276	-0,022681	0,000000	2,045738	-0,124326	-0,124329	14,022488	-0,009665	6,604337	1,797418
59,200000	6,839646	6,851635	5,702657	0,402575	7,756965	-5616,220751	905,066064	-2991,879037	7,311636	954,800688	31,350046	28,329861	31,162715	29,237435	32,924194	-2,667373	1,215790	1,060837	218119,273722	41,099135	0,008198	-0,022594	0,000000	2,045434	-0,124334	-0,124323	14,034067	-0,010084	6,611091	1,798850
59,400000	6,837455	6,849023	5,703940	0,401439	7,743931	-5558,393875	904,693241	-2991,966819	7,310020	958,228408	31,346389	28,327520	31,160831	29,240492	32,923830	-2,667388	1,214159	1,061077	218148,695902	41,088934	0,008187	-0,022395	0,000000	2,044973	-0,124334	-0,124320	14,062995	-0,010265	6,605991	1,802537
59,600000	6,835369	6,846836	5,706486	0,401376	7,728616	-5344,501157	904,770959	-2991,962118	7,308373	960,133638	31,347272	28,326550	31,157683	29,244081	32,920115	-2,667452	1,212976	1,063132	218196,742184	41,081606	0,008231	-0,022151	0,000000	2,044998	-0,124329	-0,124324	14,078834	-0,010145	6,600410	1,804584
59,800000	6,833054	6,843976	5,691634	0,402500	7,737772	-5284,121680	905,368883	-2991,907956	7,307132	959,335710	31,350388	28,326755	31,155513	29,242696	32,914321	-2,667431	1,213251	1,063040	218223,691819	41,073850	0,008133	-0,022135	0,000000	2,045214	-0,124326	-0,124327	14,071606	-0,009599	6,611366	1,803727
60,000000	6,830630	6,841620	5,694199	0,403329	7,734777	-5201,843023	905,985297	-2991,900049	7,305976	957,813881	31,351745	28,328794	31,157166	29,236538	32,911780	-2,667372	1,213536	1,061917	218215,333768	41,064097	0,008177	-0,022338	0,000000	2,045347	-0,124324	-0,124326	14,058415	-0,009160	6,605262	1,802092
60,200000	6,828017	6,840135	5,707177	0,403135	7,712680	-5112,220005	906,260115	-2991,921406	7,304657	958,274997	31,349692	28,331231	31,157914	29,232902	32,915742	-2,667375	1,212575	1,061485	218179,395865	41,053142	0,008382	-0,022370	0,000000	2,045239	-0,124322	-0,124323	14,062374	-0,009254	6,589414	1,802587
