LabVIEW Measurement	
Writer_Version	2
Reader_Version	2
Separator	Tab
Decimal_Separator	,
Multi_Headings	No
X_Columns	One
Time_Pref	Absolute
Operator	Pos-Oscar
Date	2025/02/26
Time	14:57:02,0786300460585532916
***End_of_Header***	
	
Channels	30																														
Samples	1	1	1	1	1	1	1	1	1	1	1	1	1	1	1	1	1	1	1	1	1	1	1	1	1	1	1	1	1	1	
Date	2025/02/26	2025/02/26	2025/02/26	2025/02/26	2025/02/26	2025/02/26	2025/02/26	2025/02/26	2025/02/26	2025/02/26	2025/02/26	2025/02/26	2025/02/26	2025/02/26	2025/02/26	2025/02/26	2025/02/26	2025/02/26	2025/02/26	2025/02/26	2025/02/26	2025/02/26	2025/02/26	2025/02/26	2025/02/26	2025/02/26	2025/02/26	2025/02/26	2025/02/26	2025/02/26	
Time	14:57:02,0788171666917531026	14:57:02,0788234039918659461	14:57:02,0786425206587789786	14:57:02,0786737073921738399	14:57:02,0787048943583993447	14:57:02,078748555692019893	14:57:02,0787173689586250318	14:57:02,0787423183919070495	14:57:02,078692419525343014	14:57:02,078748555692019893	14:57:02,0787236062587378753	14:57:02,0787173689586250318	14:57:02,0787360810917942059	14:57:02,0787672678251890672	14:57:02,0787984545585839284	14:57:02,0787298435588507188	14:57:02,0786300460585532916	14:57:02,0786362833586661351	14:57:02,078748555692019893	14:57:02,0786300460585532916	14:57:02,0786362833586661351	14:57:02,0786425206587789786	14:57:02,0786425206587789786	14:57:02,0786487579588918221	14:57:02,0786549954918353093	14:57:02,0786612327919481528	14:57:02,078692419525343014	14:57:02,0786986568254558576	14:57:02,0786986568254558576	14:57:02,0786986568254558576	
Y_Unit_Label	Volts	Volts	Volts	Volts	Volts	Volts	Volts	Volts	Volts	Volts	Volts	Volts	Volts	Volts	Volts	Volts	Volts	Volts	Volts	Volts	Volts	Volts	Volts	Volts	Volts	Volts	Volts	Volts	Volts	Volts	
X_Dimension	Time	Time	Time	Time	Time	Time	Time	Time	Time	Time	Time	Time	Time	Time	Time	Time	Time	Time	Time	Time	Time	Time	Time	Time	Time	Time	Time	Time	Time	Time	
X0	0,0000000000000000E+0	0,0000000000000000E+0	0,0000000000000000E+0	0,0000000000000000E+0	0,0000000000000000E+0	0,0000000000000000E+0	0,0000000000000000E+0	0,0000000000000000E+0	0,0000000000000000E+0	0,0000000000000000E+0	0,0000000000000000E+0	0,0000000000000000E+0	0,0000000000000000E+0	0,0000000000000000E+0	0,0000000000000000E+0	0,0000000000000000E+0	0,0000000000000000E+0	0,0000000000000000E+0	0,0000000000000000E+0	0,0000000000000000E+0	0,0000000000000000E+0	0,0000000000000000E+0	0,0000000000000000E+0	0,0000000000000000E+0	0,0000000000000000E+0	0,0000000000000000E+0	0,0000000000000000E+0	0,0000000000000000E+0	0,0000000000000000E+0	0,0000000000000000E+0	
Delta_X	0,200000	0,200000	0,200000	0,200000	0,200000	0,200000	0,200000	0,200000	0,200000	0,200000	0,200000	0,200000	0,200000	0,200000	0,200000	0,200000	0,200000	0,200000	0,200000	0,200000	0,200000	0,200000	0,200000	0,200000	0,200000	0,200000	0,200000	0,200000	0,200000	0,200000	
***End_of_Header***																															
X_Value	PIT-A-0101	PIT-A-0301	PIT-M-0101	PIT-O-0301	PIT-W-0301	PDT-M-0101-40kPa	PDT-M-0101B-10kPa	PDT-M-0101C-3kPa	PIT-A-AUX	Model Pressure Drop	TIT-A-0101	TIT-A-0301	TIT-M-0101	TIT-O-0301	TIT-W-0301	LV-O-0X01	LV-W-0X01	LV-M-0X01	Densitometro	FT-A-0301	FT-A-0302	FT-A-0303	FT-A-0303 1	FT-O-0301	FT-O-0302	FT-O-0303	FT-W-0301	FT-W-0302	J Ar	J Água	Comment
0,000000	7,397672	7,412527	5,307558	0,166228	7,200444	-8209,217577	3397,944367	-3119,708733	7,270578	950,324764	30,796034	28,297256	31,132872	29,600874	30,283578	-2,903254	1,073896	0,868770	217325,499298	35,275339	0,010582	-0,017176	0,000000	2,049289	-0,124281	-0,124291	13,928703	0,057675	6,464011	1,794026
0,200000	7,395174	7,409815	5,311981	0,166226	7,196630	-8150,674194	3397,874971	-3119,647033	7,273164	950,586213	30,793981	28,296124	31,133438	29,599672	30,285466	-2,903497	1,070169	0,870211	217467,226286	35,278331	0,010670	-0,017309	0,000000	2,048321	-0,124287	-0,124289	13,930748	0,057829	6,457988	1,794308
0,400000	7,392246	7,406686	5,327336	0,166176	7,182200	-7941,496408	3397,901580	-3119,534795	7,275795	950,751522	30,799699	28,295570	31,131631	29,599004	30,281447	-2,903517	1,068863	0,870058	217457,387783	35,281926	0,010738	-0,017370	0,000000	2,047657	-0,124289	-0,124287	13,931921	0,058046	6,440532	1,794487
0,600000	7,389207	7,404135	5,322192	0,165986	7,178883	-7768,405305	3398,012448	-3119,477083	7,278610	950,794416	30,806130	28,298380	31,129001	29,598034	30,275519	-2,903637	1,071781	0,870975	217294,182323	35,287548	0,010716	-0,017345	0,000000	2,047848	-0,124289	-0,124290	13,931954	0,058373	6,444725	1,794533
0,800000	7,386539	7,401983	5,312127	0,165809	7,188214	-7689,521558	3398,077283	-3119,355002	7,281343	951,673473	30,805839	28,300489	31,128651	29,598208	30,275061	-2,903872	1,074583	0,871581	217161,511543	35,293643	0,010639	-0,017138	0,000000	2,048197	-0,124292	-0,124294	13,939154	0,058563	6,454407	1,795481
1,000000	7,384228	7,399784	5,315591	0,165866	7,182935	-7671,518194	3397,971277	-3119,318597	7,284000	952,853491	30,799552	28,299246	31,133500	29,599764	30,279935	-2,903773	1,075693	0,869424	217057,969138	35,298711	0,010538	-0,016996	0,000000	2,048392	-0,124292	-0,124289	13,949225	0,058407	6,450208	1,796753
1,200000	7,382169	7,397324	5,331052	0,166208	7,169097	-7726,346115	3397,765703	-3119,452701	7,286738	953,114781	30,794119	28,297805	31,135448	29,600894	30,285217	-2,903436	1,076610	0,868104	216924,649442	35,302764	0,010268	-0,017200	0,000000	2,048476	-0,124289	-0,124283	13,951537	0,058290	6,433306	1,797034
1,400000	7,380190	7,394113	5,321228	0,166008	7,175276	-7947,259003	3397,783349	-3119,569373	7,289414	953,893368	30,794426	28,297920	31,130791	29,602947	30,285820	-2,903336	1,077273	0,867807	216833,543546	35,305818	0,010200	-0,017674	0,000000	2,048638	-0,124289	-0,124283	13,957837	0,058529	6,441293	1,797873
1,600000	7,377685	7,391265	5,299334	0,165554	7,184286	-8015,733207	3397,976373	-3119,550720	7,291976	955,015884	30,799247	28,298147	31,128955	29,606524	30,279508	-2,903467	1,076959	0,868049	216772,740582	35,309651	0,010547	-0,017955	0,000000	2,048907	-0,124290	-0,124286	13,967129	0,058660	6,462236	1,799082
1,800000	7,374595	7,389372	5,300759	0,165945	7,168345	-7830,911853	3398,104290	-3119,482124	7,294676	955,249238	30,803564	28,297622	31,129164	29,605843	30,273286	-2,903477	1,077694	0,869456	216715,068831	35,314963	0,010812	-0,017744	0,000000	2,049003	-0,124291	-0,124287	13,969329	0,058418	6,460349	1,799333
2,000000	7,371477	7,387309	5,290737	0,166370	7,151857	-7769,203482	3398,121652	-3119,480046	7,297373	955,996109	30,802558	28,297808	31,130478	29,601151	30,273347	-2,903395	1,077990	0,870207	216705,119250	35,319329	0,010864	-0,017390	0,000000	2,048948	-0,124292	-0,124284	13,975740	0,058273	6,469895	1,800137
2,200000	7,368983	7,384597	5,276109	0,165833	7,160638	-7694,247529	3398,076700	-3119,504006	7,299981	957,994802	30,798366	28,300142	31,133036	29,597046	30,279224	-2,903507	1,076491	0,870435	216680,126688	35,321366	0,010780	-0,017194	0,000000	2,048844	-0,124291	-0,124283	13,992513	0,058259	6,483259	1,802286
2,400000	7,366828	7,381564	5,283482	0,165428	7,170108	-7403,486917	3398,043610	-3119,479381	7,302753	959,462797	30,796967	28,301465	31,130102	29,596363	30,286033	-2,903645	1,075613	0,870119	216716,512738	35,322710	0,010755	-0,017282	0,000000	2,048297	-0,124288	-0,124285	14,004872	0,058199	6,473441	1,803864
2,600000	7,364181	7,378890	5,293028	0,165986	7,157177	-7178,108528	3397,948523	-3119,452403	7,305555	959,619097	30,797890	28,299354	31,129468	29,600214	30,286834	-2,903574	1,076352	0,869429	216953,792123	35,326371	0,010763	-0,017577	0,000000	2,047504	-0,124285	-0,124285	14,006155	0,058225	6,462245	1,804032
2,800000	7,361480	7,376435	5,294096	0,166221	7,141918	-7238,077687	3397,882141	-3119,445311	7,308227	959,396350	30,799183	28,297917	31,130756	29,604603	30,281558	-2,903569	1,077125	0,869112	217216,721783	35,332010	0,010528	-0,017722	0,000000	2,047457	-0,124285	-0,124283	14,004209	0,058305	6,460295	1,803792
3,000000	7,359090	7,373898	5,287384	0,166382	7,136392	-7426,648603	3397,929736	-3119,467482	7,310948	959,272682	30,800080	28,298820	31,125533	29,604698	30,276411	-2,903697	1,075459	0,867266	217418,264627	35,336902	0,010407	-0,017628	0,000000	2,048331	-0,124287	-0,124284	14,003239	0,058240	6,465979	1,803660
3,200000	7,356606	7,371932	5,288050	0,167165	7,131467	-7425,407186	3397,920274	-3119,538619	7,313749	959,234834	30,799261	28,298712	31,123599	29,599072	30,275481	-2,903705	1,074426	0,868357	217587,123432	35,340226	0,010600	-0,017388	0,000000	2,049404	-0,124291	-0,124287	14,003261	0,057900	6,464376	1,803619
3,400000	7,354152	7,369820	5,292347	0,166766	7,135721	-7310,693861	3397,871193	-3119,546351	7,316505	960,124245	30,797104	28,297649	31,127311	29,593199	30,277986	-2,903624	1,075946	0,871340	217663,694608	35,342372	0,010837	-0,017176	0,000000	2,049402	-0,124295	-0,124287	14,010877	0,057733	6,458862	1,804574
3,600000	7,351725	7,366832	5,281406	0,165406	7,154762	-7332,616127	3397,874636	-3119,454106	7,319213	961,372218	30,795203	28,297328	31,128291	29,593420	30,280090	-2,903623	1,077445	0,869366	217606,687209	35,344026	0,011061	-0,017232	0,000000	2,048398	-0,124291	-0,124287	14,021104	0,057953	6,468185	1,805914
3,800000	7,349099	7,363835	5,285333	0,164839	7,161382	-7456,670515	3397,983558	-3119,421585	7,321819	960,769881	30,796172	28,299005	31,125034	29,599455	30,280191	-2,903643	1,078137	0,868767	217544,979137	35,345852	0,011176	-0,017447	0,000000	2,047505	-0,124283	-0,124287	14,015975	0,058041	6,462065	1,805268
4,000000	7,346309	7,361235	5,292765	0,164925	7,143081	-7617,544874	3398,063182	-3119,432765	7,324394	959,410715	30,797703	28,302702	31,122589	29,604994	30,279928	-2,903656	1,077089	0,871145	217684,319391	35,349039	0,011050	-0,017627	0,000000	2,047553	-0,124279	-0,124284	14,004659	0,057976	6,452836	1,803808
4,200000	7,343632	7,359135	5,277826	0,165320	7,129034	-7646,737648	3397,984695	-3119,395976	7,327047	959,935577	30,795722	28,304072	31,121349	29,605167	30,280300	-2,903660	1,075616	0,870517	217887,558959	35,353878	0,010808	-0,017557	0,000000	2,048477	-0,124282	-0,124283	14,008900	0,058131	6,467371	1,804372
4,400000	7,341393	7,356740	5,270472	0,165547	7,137068	-7394,616879	3397,892269	-3119,469256	7,329612	962,185278	30,791388	28,301630	31,121383	29,601494	30,280834	-2,903573	1,074085	0,868814	217970,248034	35,357711	0,010586	-0,017347	0,000000	2,048981	-0,124288	-0,124289	14,027517	0,058343	6,473823	1,806787
4,600000	7,339377	7,353941	5,260135	0,165534	7,144253	-7134,918268	3397,836680	-3119,644052	7,332115	962,913673	30,788490	28,298460	31,124655	29,597063	30,282657	-2,903387	1,071053	0,867876	218006,309603	35,359062	0,010584	-0,017395	0,000000	2,048720	-0,124293	-0,124294	14,033566	0,058386	6,482741	1,807568
4,800000	7,337283	7,351755	5,253628	0,166392	7,132940	-7226,719615	3397,854449	-3119,711210	7,334700	960,956021	30,789492	28,296728	31,126941	29,595962	30,283733	-2,903398	1,070260	0,869592	218053,166953	35,360656	0,010837	-0,017449	0,000000	2,048156	-0,124293	-0,124291	14,017321	0,058252	6,488221	1,805468
5,000000	7,334979	7,349252	5,262571	0,167624	7,116319	-7516,527440	3397,863956	-3119,631164	7,337409	959,190535	30,794038	28,296483	31,125337	29,598580	30,279527	-2,903741	1,074202	0,871330	218068,420498	35,363309	0,010947	-0,017465	0,000000	2,047939	-0,124289	-0,124288	14,002717	0,058074	6,477473	1,803571
5,200000	7,332317	7,346194	5,262842	0,168887	7,108904	-7596,906979	3397,891931	-3119,501965	7,340213	958,917324	30,797627	28,300836	31,121850	29,601080	30,275186	-2,903852	1,078100	0,869187	218043,791131	35,364560	0,010746	-0,017646	0,000000	2,048353	-0,124289	-0,124292	14,000501	0,058001	6,474835	1,803278
5,400000	7,329306	7,343505	5,261582	0,169930	7,108829	-7533,960496	3398,029090	-3119,428229	7,342875	959,141557	30,794672	28,316327	31,122205	29,601424	30,277344	-2,903604	1,078540	0,869788	218031,240775	35,365147	0,010568	-0,017688	0,000000	2,048954	-0,124292	-0,124296	14,002542	0,057839	6,473792	1,803519
5,600000	7,326555	7,340901	5,257445	0,169299	7,108442	-7639,450939	3398,040680	-3119,447574	7,345293	959,271811	30,788483	28,335444	31,128738	29,601788	30,283348	-2,903468	1,078829	0,871374	218049,725789	35,367796	0,010686	-0,017598	0,000000	2,049318	-0,124295	-0,124293	14,003730	0,057742	6,476281	1,803659
5,800000	7,324278	7,338575	5,254761	0,169086	7,101497	-7710,466232	3397,846455	-3119,524285	7,347731	959,288404	30,785776	28,342100	31,135116	29,602422	30,287292	-2,903497	1,079504	0,868960	218063,276971	35,372134	0,010790	-0,017523	0,000000	2,049130	-0,124293	-0,124289	14,003769	0,057841	6,478059	1,803676
6,000000	7,321977	7,336387	5,266674	0,171496	7,096814	-7564,020671	3397,742094	-3119,559437	7,350429	959,277249	30,788677	28,339492	31,133000	29,601284	30,286721	-2,903544	1,078541	0,868178	218033,357177	35,375427	0,010656	-0,017338	0,000000	2,048523	-0,124291	-0,124289	14,003551	0,057966	6,464614	1,803664
6,200000	7,319579	7,333702	5,265257	0,172615	7,110282	-7411,885015	3397,921049	-3119,552811	7,353202	960,163784	30,793398	28,339066	31,126302	29,602161	30,281694	-2,903594	1,077500	0,870177	217957,142799	35,376311	0,010559	-0,017243	0,000000	2,048275	-0,124293	-0,124291	14,010880	0,058061	6,464000	1,804617
6,400000	7,317158	7,331206	5,258442	0,170878	7,129307	-7312,434911	3398,085655	-3119,576500	7,355811	962,267440	30,795412	28,340973	31,123807	29,604313	30,275557	-2,903603	1,077296	0,869449	217966,176687	35,376591	0,010613	-0,017287	0,000000	2,048487	-0,124293	-0,124291	14,028466	0,058081	6,469073	1,806875
6,600000	7,314766	7,329222	5,254141	0,170015	7,125816	-7236,943628	3398,057070	-3119,608979	7,358134	962,863256	30,793736	28,342260	31,129563	29,600747	30,275512	-2,903489	1,078015	0,868552	218124,985390	35,378252	0,010737	-0,017356	0,000000	2,048527	-0,124291	-0,124288	14,033529	0,058001	6,472405	1,807514
6,800000	7,312423	7,327383	5,241338	0,169655	7,109409	-7106,651033	3398,016382	-3119,607263	7,360338	960,862470	30,790133	28,343173	31,136826	29,595037	30,282622	-2,903343	1,077984	0,868812	218270,451473	35,379512	0,010756	-0,017449	0,000000	2,048407	-0,124290	-0,124283	14,017122	0,057669	6,484639	1,805367
7,000000	7,310003	7,325026	5,240825	0,168055	7,107433	-6837,092151	3397,967544	-3119,563249	7,362840	959,093549	30,789090	28,343249	31,138545	29,596106	30,287963	-2,903325	1,076686	0,868606	218294,281294	35,378505	0,010627	-0,017549	0,000000	2,048301	-0,124286	-0,124284	14,002650	0,057328	6,483160	1,803467
7,200000	7,307523	7,322384	5,241489	0,165799	7,112276	-6446,901432	3397,914336	-3119,513598	7,365677	958,855431	30,791002	28,341339	31,136329	29,601628	30,285806	-2,903339	1,076330	0,868305	218250,719770	35,376041	0,010662	-0,017784	0,000000	2,048218	-0,124281	-0,124290	14,000515	0,057468	6,479957	1,803211
7,400000	7,305023	7,320182	5,246218	0,164560	7,104679	-6165,922427	3397,867973	-3119,497168	7,368417	960,024030	30,792103	28,339747	31,131094	29,604600	30,279448	-2,903316	1,077617	0,867393	218278,009777	35,374408	0,010875	-0,017826	0,000000	2,048126	-0,124283	-0,124295	14,009977	0,057794	6,472989	1,804467
7,600000	7,302380	7,317572	5,261234	0,164640	7,097281	-6323,712778	3397,833210	-3119,592584	7,370807	961,389982	30,792177	28,340291	31,126368	29,602729	30,274246	-2,903424	1,079100	0,868283	218331,620816	35,374428	0,010927	-0,017570	0,000000	2,048551	-0,124286	-0,124295	14,021309	0,057896	6,455312	1,805933
7,800000	7,299763	7,314777	5,259626	0,164980	7,103211	-6719,179821	3397,895270	-3119,663487	7,373169	960,772907	30,793266	28,341190	31,121939	29,598411	30,274524	-2,903599	1,079012	0,870169	218271,698280	35,373930	0,010910	-0,017405	0,000000	2,049159	-0,124292	-0,124288	14,016227	0,057814	6,454589	1,805271
8,000000	7,297534	7,312844	5,255584	0,165260	7,107379	-6904,365180	3397,930577	-3119,649008	7,375762	959,351081	30,792170	28,341170	31,124998	29,594308	30,279371	-2,903678	1,079481	0,870038	218234,177650	35,373374	0,010866	-0,017436	0,000000	2,048715	-0,124295	-0,124282	14,004712	0,057423	6,457219	1,803744
8,200000	7,295561	7,310908	5,261227	0,164826	7,099540	-6783,019368	3397,939254	-3119,605994	7,378439	958,914367	30,789579	28,341363	31,133926	29,592806	30,284570	-2,903780	1,080957	0,867725	218345,110209	35,373504	0,010759	-0,017477	0,000000	2,047913	-0,124290	-0,124281	14,001453	0,057025	6,450077	1,803275
8,400000	7,293322	7,308284	5,255267	0,164427	7,096241	-6435,387248	3397,958949	-3119,400648	7,380877	959,921797	30,789030	28,342326	31,134591	29,597635	30,287191	-2,903897	1,081953	0,867945	218511,914850	35,372579	0,010740	-0,017468	0,000000	2,047830	-0,124284	-0,124283	14,009920	0,056995	6,454010	1,804357
8,600000	7,290730	7,305509	5,246122	0,165060	7,104068	-6175,318718	3397,999765	-3119,224130	7,383149	961,298135	30,789829	28,344056	31,129856	29,603665	30,286269	-2,903843	1,081684	0,870078	218649,016679	35,370840	0,010685	-0,017448	0,000000	2,048509	-0,124282	-0,124286	14,021105	0,057332	6,460843	1,805835
8,800000	7,288120	7,302793	5,238038	0,165957	7,104078	-6189,811584	3398,064713	-3119,278394	7,385517	960,790051	30,789219	28,345466	31,130043	29,604395	30,284012	-2,903681	1,080447	0,869366	218759,922094	35,370002	0,010629	-0,017328	0,000000	2,049302	-0,124288	-0,124287	14,016162	0,058022	6,466917	1,805289
9,000000	7,285632	7,300405	5,237296	0,165955	7,087645	-6233,665262	3397,930581	-3119,392188	7,388153	959,487347	30,785445	28,343581	31,135026	29,601090	30,282985	-2,903604	1,080146	0,868135	218816,555539	35,370789	0,010735	-0,017306	0,000000	2,049637	-0,124294	-0,124285	14,004728	0,058548	6,466136	1,803890
9,200000	7,283146	7,298304	5,239417	0,165046	7,071479	-6234,207504	3397,698864	-3119,502354	7,390897	959,087836	30,782984	28,338768	31,136785	29,596882	30,282985	-2,903579	1,078719	0,869347	218780,746384	35,371860	0,010847	-0,017492	0,000000	2,048915	-0,124294	-0,124282	14,001471	0,058459	6,462654	1,803461
9,400000	7,280706	7,296123	5,227776	0,164035	7,071549	-6243,422091	3397,715870	-3119,535913	7,393463	960,049795	30,784759	28,335766	31,136764	29,595418	30,282227	-2,903543	1,077643	0,870307	218760,165799	35,371029	0,010941	-0,017527	0,000000	2,047335	-0,124292	-0,124282	14,009924	0,058063	6,472978	1,804494
9,600000	7,278397	7,293745	5,233039	0,163629	7,074463	-6266,140724	3397,981874	-3119,377473	7,395967	961,364408	30,788505	28,337180	31,135305	29,598082	30,280811	-2,903580	1,078856	0,868718	218806,678405	35,368735	0,011083	-0,017221	0,000000	2,047006	-0,124288	-0,124285	14,021102	0,057889	6,465191	1,805906
9,800000	7,276058	7,290984	5,239198	0,164165	7,066322	-6459,024068	3398,136020	-3119,283873	7,398512	961,667314	30,789768	28,341195	31,127857	29,601463	30,279545	-2,903584	1,080098	0,866719	218834,383102	35,366839	0,011057	-0,017073	0,000000	2,048317	-0,124281	-0,124287	14,023578	0,057948	6,456045	1,806231
10,000000	7,273794	7,288361	5,219058	0,165020	7,064401	-6758,975038	3398,037126	-3119,473624	7,401091	962,403567	30,786089	28,343624	31,122955	29,601001	30,280037	-2,903387	1,081914	0,867386	218831,000025	35,365525	0,010779	-0,017279	0,000000	2,049508	-0,124281	-0,124287	14,029721	0,057965	6,474481	1,807021
10,200000	7,271674	7,286233	5,213955	0,165292	7,075074	-6940,631772	3397,929593	-3119,708474	7,403447	963,505566	30,779544	28,342194	31,125540	29,597840	30,283967	-2,903265	1,082652	0,869399	218831,301887	35,364611	0,010585	-0,017398	0,000000	2,049402	-0,124290	-0,124287	14,038924	0,057977	6,478022	1,808203
10,400000	7,269694	7,284047	5,231053	0,164959	7,071901	-6968,608343	3397,791401	-3119,741618	7,405756	962,894745	30,775552	28,337846	31,128439	29,595676	30,287046	-2,903520	1,081534	0,868419	218824,717314	35,363812	0,010728	-0,017376	0,000000	2,048302	-0,124294	-0,124287	14,033704	0,058090	6,458550	1,807548
10,600000	7,267576	7,281439	5,248760	0,164772	7,057108	-6999,944421	3397,745341	-3119,571149	7,408353	960,721338	30,779095	28,334482	31,127981	29,594858	30,285621	-2,903776	1,080626	0,868250	218776,738126	35,362549	0,010891	-0,017454	0,000000	2,047481	-0,124290	-0,124286	14,015139	0,058470	6,438052	1,805216
10,800000	7,264828	7,278718	5,237802	0,164948	7,057692	-7219,923221	3397,943352	-3119,402442	7,410976	960,067521	30,786076	28,336853	31,126645	29,595361	30,281796	-2,903696	1,081354	0,870720	218692,504530	35,360401	0,010910	-0,017564	0,000000	2,047677	-0,124286	-0,124287	14,009300	0,058835	6,446787	1,804513
11,000000	7,261912	7,276672	5,208949	0,164973	7,068201	-7288,259841	3398,090235	-3119,413148	7,413506	961,970390	30,787571	28,341978	31,127100	29,597655	30,279188	-2,903635	1,083314	0,870095	218660,392444	35,358507	0,010886	-0,017485	0,000000	2,048435	-0,124285	-0,124284	14,025613	0,058449	6,474732	1,806556
11,200000	7,259510	7,274931	5,216987	0,165018	7,068087	-6980,443468	3398,047098	-3119,504454	7,416103	963,624810	30,782720	28,344038	31,129031	29,598872	30,280484	-2,903773	1,084770	0,867543	218708,161658	35,358165	0,010761	-0,017301	0,000000	2,048897	-0,124287	-0,124283	14,040201	0,057697	6,464897	1,808331
11,400000	7,257531	7,272698	5,225246	0,165367	7,065852	-6894,317965	3397,867984	-3119,551013	7,418787	963,846650	30,776606	28,342310	31,133878	29,596947	30,284598	-2,903792	1,085321	0,866868	218723,562261	35,357242	0,010625	-0,017329	0,000000	2,048892	-0,124289	-0,124288	14,042398	0,057355	6,454510	1,808569
11,600000	7,255412	7,270268	5,209391	0,165278	7,071777	-7228,927252	3397,783491	-3119,582927	7,421272	963,619075	30,775196	28,339541	31,133246	29,595927	30,288304	-2,903674	1,085306	0,867871	218672,746090	35,353903	0,010624	-0,017619	0,000000	2,048506	-0,124288	-0,124292	14,040353	0,057497	6,468548	1,808325
11,800000	7,252707	7,267773	5,209304	0,165036	7,068426	-7488,437478	3397,792097	-3119,692771	7,423635	962,636625	30,779280	28,338054	31,128968	29,598342	30,285896	-2,903585	1,086229	0,868456	218609,550644	35,350602	0,010801	-0,017768	0,000000	2,048011	-0,124285	-0,124290	14,031750	0,057885	6,466052	1,807271
12,000000	7,249782	7,265291	5,221765	0,165606	7,049425	-7531,087297	3397,850088	-3119,688255	7,426254	960,571015	30,784265	28,338463	31,129284	29,601113	30,278268	-2,903584	1,084539	0,868617	218586,791132	35,349467	0,011049	-0,017520	0,000000	2,047852	-0,124283	-0,124288	14,014137	0,058214	6,450977	1,805054
12,200000	7,247279	7,262930	5,228847	0,166606	7,044238	-7638,394013	3397,944631	-3119,546560	7,428915	959,107698	30,786379	28,339574	31,128784	29,599574	30,274157	-2,903708	1,079110	0,868544	218599,838819	35,349171	0,011099	-0,017216	0,000000	2,048274	-0,124289	-0,124286	14,001895	0,058201	6,441707	1,803482
12,400000	7,245082	7,260435	5,215014	0,167169	7,056737	-7923,135857	3397,919840	-3119,518053	7,431297	958,931182	30,783173	28,340205	31,129742	29,594890	30,276241	-2,903784	1,076281	0,866479	218616,163317	35,348796	0,010803	-0,017251	0,000000	2,048840	-0,124298	-0,124285	14,000821	0,057797	6,453997	1,803293
12,600000	7,242883	7,258100	5,205062	0,166795	7,054892	-8006,205727	3397,908921	-3119,559692	7,433652	960,009981	30,779135	28,340330	31,128877	29,593306	30,281155	-2,903763	1,077476	0,867406	218634,398589	35,348368	0,010440	-0,017448	0,000000	2,048548	-0,124296	-0,124286	14,010238	0,057415	6,462366	1,804452
12,800000	7,240740	7,255975	5,226306	0,166243	7,042454	-7654,133811	3397,866071	-3119,564016	7,436292	961,343135	30,777127	28,339547	31,127002	29,595737	30,284775	-2,903723	1,081294	0,870098	218645,448903	35,347145	0,010408	-0,017541	0,000000	2,047829	-0,124287	-0,124290	14,021346	0,057468	6,438372	1,805883
13,000000	7,238760	7,253793	5,233662	0,165935	7,051790	-7274,593213	3397,887181	-3119,414191	7,438943	960,782920	30,775638	28,339938	31,130791	29,600893	30,285355	-2,903625	1,084383	0,868558	218721,494159	35,345107	0,010746	-0,017520	0,000000	2,047526	-0,124283	-0,124292	14,016189	0,057936	6,428823	1,805282
13,200000	7,236805	7,251641	5,217139	0,165930	7,073842	-7196,948322	3397,990548	-3119,317987	7,441443	959,451627	30,776291	28,342095	31,132045	29,604907	30,282346	-2,903581	1,084010	0,866990	218837,804172	35,343068	0,010983	-0,017406	0,000000	2,047944	-0,124284	-0,124292	14,004691	0,058286	6,443901	1,803852
13,400000	7,234696	7,249353	5,206857	0,166629	7,072371	-7215,480740	3397,951001	-3119,517411	7,443943	959,023754	30,776962	28,343235	31,132462	29,602326	30,278195	-2,903535	1,082447	0,868211	218899,979455	35,341210	0,010730	-0,017443	0,000000	2,049005	-0,124287	-0,124291	14,001452	0,057941	6,452398	1,803392
13,600000	7,232425	7,247247	5,209070	0,166797	7,047700	-7145,656350	3398,014888	-3119,691439	7,446456	959,075671	30,777566	28,343027	31,134547	29,595455	30,278835	-2,903413	1,082592	0,868733	218972,534173	35,339358	0,010457	-0,017610	0,000000	2,049084	-0,124291	-0,124286	14,002507	0,057322	6,448105	1,803448
13,800000	7,229917	7,245099	5,203971	0,165861	7,035662	-7117,527155	3398,067048	-3119,686217	7,448960	959,185689	30,778540	28,342187	31,131856	29,591108	30,282930	-2,903485	1,084031	0,867905	219029,122007	35,337340	0,010554	-0,017717	0,000000	2,048080	-0,124292	-0,124281	14,003531	0,057219	6,451339	1,803566
14,000000	7,227441	7,242269	5,188689	0,164974	7,040608	-7109,620328	3397,923727	-3119,615459	7,451419	959,224207	30,777646	28,341141	31,130736	29,593610	30,284590	-2,903654	1,084519	0,867309	218937,828109	35,335663	0,010730	-0,017883	0,000000	2,047384	-0,124285	-0,124284	14,003703	0,057370	6,464794	1,803608
14,200000	7,225298	7,239497	5,197684	0,165099	7,034028	-6973,057221	3397,894439	-3119,485221	7,453979	959,220453	30,778592	28,341672	31,129284	29,600283	30,284801	-2,903660	1,084215	0,868706	218837,676093	35,334715	0,010917	-0,018044	0,000000	2,047306	-0,124280	-0,124291	14,003566	0,057476	6,453039	1,803603
14,400000	7,223064	7,237227	5,212510	0,166283	7,019573	-6773,610182	3397,920328	-3119,413497	7,456593	959,249644	30,779725	28,343403	31,125886	29,603047	30,284816	-2,903636	1,083334	0,870368	218830,871891	35,334227	0,010975	-0,017909	0,000000	2,048219	-0,124280	-0,124293	14,003481	0,057804	6,435650	1,803635
14,600000	7,220666	7,235222	5,199613	0,167219	7,025526	-6691,286861	3397,832348	-3119,570195	7,458983	960,160995	30,775191	28,342652	31,129916	29,599665	30,283473	-2,903587	1,082395	0,869279	218750,286264	35,334464	0,010709	-0,017479	0,000000	2,049323	-0,124286	-0,124289	14,010894	0,058024	6,447583	1,804614
14,800000	7,218407	7,233305	5,195037	0,167237	7,038722	-6742,498918	3397,810927	-3119,710509	7,461304	961,357310	30,769151	28,340001	31,136362	29,596194	30,283563	-2,903373	1,081607	0,868195	218653,705056	35,333782	0,010549	-0,017182	0,000000	2,048971	-0,124291	-0,124282	14,021067	0,057865	6,450890	1,805898
15,000000	7,216155	7,231097	5,209248	0,166788	7,034275	-6711,066511	3397,900606	-3119,631910	7,463857	960,724523	30,769219	28,339513	31,136308	29,594704	30,286186	-2,903307	1,081599	0,867370	218677,279271	35,331248	0,010752	-0,017152	0,000000	2,047596	-0,124292	-0,124281	14,015958	0,057678	6,433960	1,805219
15,200000	7,213695	7,228826	5,209101	0,166341	7,026963	-6602,642535	3397,860924	-3119,537128	7,466334	959,364228	30,775537	28,340382	31,133150	29,595318	30,284866	-2,903545	1,083194	0,866516	218738,432547	35,329239	0,011003	-0,017313	0,000000	2,046976	-0,124287	-0,124285	14,004660	0,057585	6,431927	1,803758
15,400000	7,211140	7,226569	5,192287	0,166709	7,031083	-6628,580247	3397,814107	-3119,450696	7,468652	959,861046	30,783545	28,340815	31,133578	29,599268	30,278145	-2,903691	1,083333	0,867570	218776,225377	35,328295	0,011157	-0,017523	0,000000	2,047462	-0,124280	-0,124286	14,008903	0,057503	6,447500	1,804292
15,600000	7,208796	7,224200	5,183174	0,167245	7,030433	-6611,676257	3398,057404	-3119,313233	7,471221	962,081616	30,787020	28,342940	31,132884	29,601258	30,276083	-2,903686	1,082513	0,869416	218830,123568	35,326969	0,011200	-0,017379	0,000000	2,048080	-0,124282	-0,124282	14,027518	0,057474	6,454859	1,806676
15,800000	7,206630	7,222138	5,197553	0,166649	7,013922	-6469,731184	3398,129616	-3119,388151	7,473907	962,809758	30,780996	28,344054	31,129977	29,598927	30,281653	-2,903669	1,082502	0,869810	218868,956343	35,324996	0,011085	-0,017142	0,000000	2,048598	-0,124291	-0,124284	14,033566	0,057517	6,437775	1,807457
16,000000	7,204632	7,219929	5,195476	0,165827	7,005337	-6624,852325	3397,817892	-3119,694541	7,476354	961,741702	30,769635	28,339981	31,133884	29,596989	30,287208	-2,903642	1,083381	0,869032	218801,786147	35,323397	0,010997	-0,017403	0,000000	2,049086	-0,124294	-0,124289	14,024738	0,057410	6,438068	1,806311
16,200000	7,202682	7,217300	5,174004	0,165495	7,014730	-6944,506381	3397,740121	-3119,757908	7,478636	961,197004	30,763468	28,336763	31,140478	29,596990	30,288595	-2,903599	1,085052	0,867718	218682,579080	35,322924	0,011011	-0,017858	0,000000	2,048850	-0,124291	-0,124287	14,020292	0,057298	6,458549	1,805726
16,400000	7,200423	7,214843	5,181622	0,165037	7,014372	-6933,099280	3398,020871	-3119,445274	7,481221	960,364714	30,768579	28,338580	31,134264	29,598641	30,286852	-2,903587	1,085327	0,866604	218655,800254	35,323140	0,010964	-0,017861	0,000000	2,047871	-0,124291	-0,124286	14,012960	0,057663	6,448504	1,804833
16,600000	7,197941	7,212796	5,190237	0,172033	6,999793	-6941,383466	3398,182596	-3119,239733	7,484135	960,227158	30,776638	28,340625	31,122051	29,600660	30,282536	-2,903654	1,085171	0,867018	218707,908742	35,323221	0,010918	-0,017480	0,000000	2,047662	-0,124292	-0,124289	14,011122	0,058350	6,437607	1,804685
16,800000	7,195499	7,210820	5,171266	0,199403	7,002498	-7386,048967	3397,991357	-3119,433714	7,486862	962,139234	30,775729	28,340084	31,128137	29,598762	30,278655	-2,903714	1,084098	0,868576	218747,494035	35,323491	0,010845	-0,017266	0,000000	2,048640	-0,124288	-0,124289	14,026712	0,058762	6,456049	1,806738
17,000000	7,193331	7,208335	5,158270	0,243179	7,016732	-7853,163072	3397,853189	-3119,645354	7,489091	963,729122	30,768410	28,340192	31,144981	29,594744	30,281230	-2,903709	1,082601	0,869251	218783,713391	35,323530	0,010679	-0,017317	0,000000	2,049049	-0,124288	-0,124284	14,040251	0,058519	6,468069	1,808443
17,200000	7,191501	7,205973	5,179538	0,282633	7,008406	-7854,826534	3397,995934	-3119,561168	7,491152	962,982395	30,764674	28,341955	31,145857	29,594582	30,288924	-2,903661	1,082285	0,868718	218828,119914	35,322455	0,010718	-0,017317	0,000000	2,048317	-0,124292	-0,124281	14,034784	0,057743	6,443707	1,807642
17,400000	7,189552	7,204087	5,202188	0,300228	6,990154	-7743,881151	3398,068550	-3119,453164	7,493648	960,587728	30,767752	28,342224	31,132884	29,597763	30,292544	-2,903664	1,082864	0,867350	218800,303075	35,321881	0,011012	-0,017276	0,000000	2,047769	-0,124291	-0,124284	14,015278	0,057213	6,418327	1,805072
17,600000	7,187255	7,201921	5,177369	0,295074	6,998192	-7917,097495	3397,944531	-3119,527828	7,496343	959,884173	30,770548	28,341329	31,127924	29,601449	30,286812	-2,903715	1,084274	0,867262	218710,537786	35,321664	0,011128	-0,017408	0,000000	2,048320	-0,124283	-0,124292	14,009140	0,057460	6,442342	1,804316
17,800000	7,184836	7,199686	5,167246	0,281286	7,017264	-7940,475377	3397,893617	-3119,533008	7,498772	961,913476	30,768751	28,341080	31,130963	29,603518	30,278843	-2,903649	1,083400	0,868845	218692,315416	35,320594	0,011011	-0,017462	0,000000	2,049195	-0,124282	-0,124295	14,025526	0,058059	6,451025	1,806495
18,000000	7,182446	7,197630	5,197022	0,266152	7,018892	-7793,815334	3398,004640	-3119,453017	7,501140	963,701268	30,767062	28,342091	31,125187	29,600940	30,277371	-2,903628	1,081945	0,868642	218669,979754	35,319925	0,011080	-0,017151	0,000000	2,048914	-0,124293	-0,124290	14,040201	0,058336	6,418114	1,808413
18,200000	7,180047	7,195777	5,194545	0,246389	7,016358	-7931,699808	3397,949597	-3119,578198	7,503571	963,917143	30,765905	28,342668	31,121940	29,593659	30,279798	-2,903794	1,081394	0,866594	218529,567245	35,320436	0,011134	-0,017119	0,000000	2,048278	-0,124299	-0,124283	14,042415	0,057927	6,419251	1,808645
18,400000	7,177777	7,193706	5,176797	0,229361	7,023046	-8200,980503	3397,805209	-3119,707781	7,505927	962,711060	30,762967	28,341736	31,136808	29,589157	30,281992	-2,903839	1,081244	0,866920	218449,520780	35,321463	0,010913	-0,017657	0,000000	2,048337	-0,124292	-0,124281	14,032942	0,057316	6,436580	1,807351
18,600000	7,175864	7,191149	5,177735	0,223592	7,020241	-8204,789368	3397,902881	-3119,553350	7,508418	961,345423	30,762438	28,342120	31,145870	29,593723	30,284879	-2,903819	1,082447	0,869535	218578,738100	35,321735	0,010784	-0,018033	0,000000	2,048148	-0,124285	-0,124284	14,021591	0,057242	6,433801	1,805886
18,800000	7,173998	7,188905	5,187525	0,225774	7,006430	-8005,535969	3398,089228	-3119,334071	7,511178	961,990858	30,767695	28,344318	31,131574	29,601235	30,286313	-2,903858	1,083664	0,869671	218739,254929	35,321448	0,010859	-0,017899	0,000000	2,048120	-0,124287	-0,124290	14,026668	0,057565	6,421449	1,806578
19,000000	7,171890	7,186781	5,186478	0,227775	7,005598	-8023,501494	3398,091456	-3119,361591	7,513867	961,644465	30,772327	28,345062	31,117575	29,602628	30,284339	-2,903687	1,086405	0,866698	218710,088804	35,321980	0,010808	-0,017569	0,000000	2,049201	-0,124293	-0,124290	14,023350	0,057985	6,420640	1,806207
19,200000	7,169586	7,184625	5,176197	0,215969	7,010826	-8079,438783	3397,869116	-3119,564561	7,516201	957,864609	30,768203	28,342406	31,127563	29,597752	30,280938	-2,903376	1,088194	0,864761	218545,234184	35,323454	0,010622	-0,017440	0,000000	2,050180	-0,124296	-0,124288	13,991461	0,058220	6,430152	1,802146
19,400000	7,167416	7,182600	5,188560	0,191623	6,996272	-7759,376859	3397,680102	-3119,673248	7,518290	954,763583	30,759843	28,338285	31,148362	29,593999	30,277998	-2,903294	1,087462	0,866521	218460,271078	35,324946	0,010722	-0,017485	0,000000	2,049720	-0,124293	-0,124283	13,965492	0,058179	6,416520	1,798810
19,600000	7,165391	7,180317	5,194384	0,174588	6,987322	-7446,173465	3397,756481	-3119,558446	7,520610	954,370999	30,759259	28,336493	31,150812	29,594325	30,279247	-2,903467	1,087193	0,868174	218585,287856	35,325225	0,011007	-0,017466	0,000000	2,048292	-0,124290	-0,124279	13,962140	0,058236	6,408880	1,798387
19,800000	7,163084	7,178054	5,180748	0,171074	7,012524	-7442,581568	3398,019309	-3119,320613	7,523426	954,853562	30,767959	28,338228	31,132663	29,596607	30,283498	-2,903721	1,087934	0,868527	218794,062466	35,324576	0,011123	-0,017259	0,000000	2,047089	-0,124291	-0,124282	13,965987	0,058440	6,420736	1,798907
20,000000	7,160566	7,176123	5,181075	0,173537	7,029964	-7547,277239	3398,171951	-3119,266394	7,526368	955,107705	30,774599	28,340728	31,116580	29,599560	30,284171	-2,903993	1,089073	0,868762	218828,584535	35,324854	0,011096	-0,017089	0,000000	2,047509	-0,124290	-0,124293	13,968064	0,058495	6,418525	1,799180
20,200000	7,158251	7,174453	5,179047	0,176460	7,003081	-7596,478693	3397,992432	-3119,493756	7,529035	955,068465	30,771266	28,341407	31,120146	29,600046	30,280587	-2,903953	1,088920	0,868126	218678,133238	35,325718	0,010789	-0,017212	0,000000	2,049301	-0,124288	-0,124302	13,968079	0,058151	6,419482	1,799138
20,400000	7,156307	7,172498	5,172521	0,177639	6,978458	-7437,905253	3397,822108	-3119,717174	7,531350	955,846506	30,762692	28,341658	31,137043	29,599014	30,280085	-2,903497	1,088440	0,867850	218596,013624	35,325526	0,010411	-0,017383	0,000000	2,049903	-0,124291	-0,124302	13,975095	0,057663	6,424993	1,799976
20,600000	7,154460	7,169852	5,165994	0,177824	6,996255	-7279,704039	3397,888145	-3119,665825	7,533616	957,015495	30,756874	28,342210	31,143278	29,599542	30,286451	-2,903326	1,086844	0,867286	218700,783937	35,325034	0,010561	-0,017373	0,000000	2,048781	-0,124294	-0,124294	13,985102	0,057461	6,429777	1,801233
20,800000	7,152508	7,167456	5,153443	0,178746	7,012039	-7444,622550	3397,822621	-3119,576187	7,536323	956,423479	30,757660	28,340336	31,133707	29,598780	30,289551	-2,903665	1,084202	0,865089	218819,438614	35,325452	0,010929	-0,017297	0,000000	2,047587	-0,124294	-0,124288	13,980008	0,057589	6,440996	1,800596
21,000000	7,150387	7,165579	5,148240	0,179491	6,985036	-7703,452714	3397,690951	-3119,668339	7,539132	955,110255	30,763242	28,338568	31,127852	29,597068	30,283053	-2,903887	1,084671	0,866243	218820,321210	35,326796	0,010829	-0,017423	0,000000	2,047516	-0,124293	-0,124288	13,968750	0,057831	6,445110	1,799183
21,200000	7,148081	7,163609	5,149669	0,180012	6,952377	-7669,657814	3397,841259	-3119,665739	7,541496	954,749454	30,768119	28,340673	31,130705	29,598634	30,276177	-2,903803	1,087868	0,869692	218797,254319	35,328544	0,010420	-0,017688	0,000000	2,048253	-0,124292	-0,124290	13,965586	0,057966	6,442312	1,798795
21,400000	7,145850	7,161372	5,154189	0,182306	6,960640	-7360,177471	3398,066294	-3119,453420	7,543816	953,977193	30,768770	28,343330	31,129391	29,599409	30,276752	-2,903715	1,089093	0,869252	218841,401589	35,329344	0,010361	-0,017652	0,000000	2,048383	-0,124289	-0,124289	13,959205	0,057865	6,435854	1,797963
21,600000	7,143824	7,158948	5,141691	0,184839	6,984925	-7193,167697	3397,971445	-3119,373850	7,546437	951,956276	30,763147	28,343263	31,128346	29,596244	30,281239	-2,903620	1,086497	0,867838	218876,138262	35,329101	0,010600	-0,017377	0,000000	2,048081	-0,124290	-0,124289	13,942632	0,057462	6,447029	1,795786
21,800000	7,141994	7,157125	5,134514	0,185284	6,975817	-7247,084436	3397,736787	-3119,530048	7,549082	951,313677	30,754718	28,341371	31,138025	29,593755	30,285244	-2,903407	1,083068	0,867111	218834,108665	35,329845	0,010718	-0,017490	0,000000	2,048421	-0,124289	-0,124288	13,937757	0,056936	6,453546	1,795093
22,000000	7,140127	7,155392	5,161959	0,186367	6,951163	-7246,860375	3397,763714	-3119,589351	7,551533	953,243291	30,753891	28,340435	31,146232	29,596393	30,286365	-2,903243	1,079609	0,865546	218805,365818	35,331806	0,010823	-0,017841	0,000000	2,048713	-0,124288	-0,124283	13,954036	0,056871	6,423963	1,797173
22,200000	7,137972	7,152692	5,169915	0,190736	6,966616	-7361,034766	3397,921058	-3119,460162	7,554057	955,011280	30,762024	28,340570	31,138897	29,602025	30,282373	-2,903299	1,077894	0,865151	218842,270460	35,332076	0,010982	-0,017712	0,000000	2,048107	-0,124293	-0,124281	13,968423	0,057327	6,413456	1,799077
22,400000	7,135697	7,150151	5,152823	0,191664	7,000108	-7623,205592	3397,978198	-3119,440857	7,556755	954,407243	30,768545	28,340040	31,123927	29,601711	30,278349	-2,903524	1,080341	0,866628	218859,151262	35,330766	0,011095	-0,017256	0,000000	2,047456	-0,124298	-0,124288	13,963134	0,057546	6,428763	1,798426
22,600000	7,133405	7,148353	5,151759	0,185121	6,989471	-7726,875316	3397,909051	-3119,648821	7,559234	952,060789	30,767057	28,340681	31,123136	29,594815	30,278490	-2,903669	1,082855	0,868516	218818,233597	35,331687	0,011037	-0,017074	0,000000	2,047943	-0,124296	-0,124295	13,943528	0,057444	6,428581	1,795898
22,800000	7,131285	7,146467	5,157432	0,181452	6,953616	-7726,883974	3397,802160	-3119,822567	7,561437	950,420293	30,761120	28,341996	31,137950	29,590598	30,281437	-2,903558	1,083080	0,869990	218735,645998	35,334825	0,010782	-0,017368	0,000000	2,048807	-0,124289	-0,124295	13,929902	0,057280	6,421972	1,794130
23,000000	7,129484	7,144241	5,150164	0,184538	6,957896	-7761,858037	3397,822842	-3119,735745	7,563738	950,267866	30,758520	28,341276	31,143642	29,593017	30,285681	-2,903434	1,082636	0,869501	218644,487333	35,337067	0,010701	-0,017723	0,000000	2,048134	-0,124285	-0,124289	13,928705	0,057194	6,428344	1,793965
23,200000	7,127529	7,141881	5,128719	0,185017	6,990224	-7740,242900	3397,933079	-3119,499890	7,566409	950,552171	30,761568	28,341020	31,132661	29,597387	30,288225	-2,903536	1,083027	0,867217	218631,740657	35,337052	0,010886	-0,017658	0,000000	2,046959	-0,124287	-0,124288	13,930932	0,057359	6,448798	1,794272
23,400000	7,125217	7,139747	5,131514	0,181881	6,989342	-7470,231220	3397,971115	-3119,461892	7,569094	950,681360	30,763580	28,343028	31,123861	29,600411	30,286145	-2,903668	1,083852	0,865403	218682,652341	35,336723	0,010834	-0,017386	0,000000	2,047583	-0,124289	-0,124292	13,931989	0,057388	6,443858	1,794411
23,600000	7,122994	7,137721	5,163590	0,182112	6,963156	-7185,572568	3397,866194	-3119,631305	7,571427	951,525255	30,760680	28,343776	31,129534	29,601061	30,281268	-2,903631	1,085665	0,865599	218729,775531	35,337926	0,010568	-0,017284	0,000000	2,049046	-0,124289	-0,124298	13,939360	0,057111	6,408949	1,795321
23,800000	7,121038	7,135719	5,161996	0,186216	6,963244	-7273,966486	3397,820245	-3119,623634	7,573702	953,565912	30,757659	28,342247	31,140371	29,598208	30,279594	-2,903432	1,088090	0,866684	218782,944699	35,339130	0,010550	-0,017269	0,000000	2,049443	-0,124294	-0,124297	13,956712	0,056904	6,409510	1,797520
24,000000	7,119171	7,133921	5,139877	0,190034	6,980556	-7448,467588	3397,977031	-3119,465379	7,576092	954,161135	30,757700	28,342098	31,137582	29,594592	30,282409	-2,903346	1,087469	0,867387	218860,160130	35,338972	0,010803	-0,017044	0,000000	2,048844	-0,124303	-0,124285	13,961681	0,056933	6,431170	1,798161
24,200000	7,117109	7,131776	5,142225	0,191131	6,975516	-7420,465776	3398,047316	-3119,480171	7,578452	952,217187	30,760724	28,342814	31,122959	29,592596	30,285380	-2,903576	1,085452	0,868305	218877,827023	35,338098	0,011020	-0,016821	0,000000	2,048097	-0,124305	-0,124280	13,945284	0,057002	6,426561	1,796067
24,400000	7,114940	7,129589	5,147134	0,188923	6,957119	-7420,206943	3397,895907	-3119,646222	7,580863	950,478476	30,763722	28,342625	31,119302	29,593896	30,285773	-2,903667	1,084903	0,867902	218745,475532	35,337312	0,010947	-0,017101	0,000000	2,047644	-0,124294	-0,124287	13,930835	0,056835	6,419460	1,794192
24,600000	7,112807	7,127731	5,137111	0,184195	6,956229	-7696,743976	3397,799657	-3119,663775	7,583357	949,321986	30,763000	28,342848	31,131564	29,598853	30,283786	-2,903481	1,086301	0,866975	218548,811386	35,336762	0,010844	-0,017638	0,000000	2,047697	-0,124285	-0,124293	13,921289	0,056653	6,428627	1,792944
24,800000	7,110419	7,125614	5,125834	0,179631	6,965722	-7926,431208	3397,931069	-3119,470806	7,585836	948,362844	30,761133	28,343739	31,136799	29,602134	30,282413	-2,903437	1,087578	0,867723	218429,409443	35,336375	0,010881	-0,017722	0,000000	2,047863	-0,124289	-0,124291	13,913174	0,056697	6,438827	1,791909
25,000000	7,108138	7,123526	5,142458	0,176972	6,965623	-7622,027812	3398,010529	-3119,424272	7,588447	949,117634	30,759121	28,344374	31,130334	29,598909	30,284474	-2,903524	1,086261	0,868073	218438,775574	35,335481	0,010896	-0,017375	0,000000	2,047969	-0,124298	-0,124286	13,919462	0,056762	6,419410	1,792724
25,200000	7,106319	7,121722	5,159658	0,177116	6,967935	-7250,182076	3397,888881	-3119,659199	7,590931	950,450098	30,756085	28,343657	31,132916	29,592994	30,287342	-2,903481	1,084652	0,867333	218512,910346	35,333956	0,010935	-0,017266	0,000000	2,048247	-0,124300	-0,124288	13,930791	0,056641	6,399834	1,794162
25,400000	7,104449	7,119773	5,136436	0,180430	6,982992	-7360,519172	3397,813236	-3119,745396	7,592840	950,777339	30,753664	28,341346	31,142200	29,591871	30,287001	-2,903402	1,083551	0,867576	218572,544915	35,333363	0,010973	-0,017620	0,000000	2,048158	-0,124293	-0,124291	13,933747	0,056437	6,422694	1,794515
25,600000	7,102389	7,117523	5,130261	0,183949	6,982204	-7491,080983	3397,877364	-3119,399743	7,594864	950,675718	30,755230	28,339367	31,138993	29,595287	30,282955	-2,903523	1,082739	0,868404	218631,143273	35,333426	0,010952	-0,017879	0,000000	2,047596	-0,124289	-0,124288	13,932620	0,056709	6,427370	1,794405
25,800000	7,100514	7,115403	5,155217	0,185118	6,953548	-7262,449560	3397,990943	-3119,117541	7,597526	950,615605	30,759474	28,341090	31,124961	29,597220	30,277110	-2,903677	1,082074	0,867632	218667,961412	35,332265	0,010774	-0,017852	0,000000	2,047602	-0,124290	-0,124285	13,931625	0,057198	6,399016	1,794340
26,000000	7,098640	7,113534	5,155628	0,184501	6,940534	-7093,777552	3397,952204	-3119,346622	7,600144	949,704588	30,757148	28,343087	31,123697	29,596838	30,274047	-2,903618	1,082326	0,867156	218604,196140	35,330950	0,010456	-0,017993	0,000000	2,048416	-0,124291	-0,124287	13,924061	0,057101	6,396746	1,793357
26,200000	7,096580	7,111368	5,133118	0,181357	6,961481	-7328,116387	3397,762915	-3119,647582	7,602396	948,471505	30,748398	28,339361	31,139661	29,597412	30,277898	-2,903461	1,083265	0,867573	218490,964411	35,331073	0,010383	-0,018035	0,000000	2,048809	-0,124287	-0,124288	13,914043	0,056742	6,418973	1,792026
26,400000	7,094722	7,109057	5,130011	0,177951	6,966654	-7492,122227	3397,708714	-3119,598447	7,604759	949,099361	30,745207	28,335264	31,145298	29,598916	30,285067	-2,903435	1,082440	0,866334	218452,995439	35,331411	0,010703	-0,017658	0,000000	2,048408	-0,124285	-0,124287	13,919240	0,056829	6,420727	1,792704
26,600000	7,092956	7,107060	5,156710	0,181444	6,942868	-7061,731058	3397,844490	-3119,456667	7,607513	950,502362	30,751876	28,336882	31,129427	29,598513	30,288080	-2,903464	1,081554	0,865642	218467,777865	35,330402	0,011012	-0,017378	0,000000	2,048091	-0,124289	-0,124289	13,930539	0,057332	6,390764	1,794218
26,800000	7,090854	7,105419	5,160361	0,187462	6,943391	-6639,187560	3397,974563	-3119,514743	7,610129	950,044662	30,758044	28,340932	31,117605	29,596185	30,284767	-2,903427	1,081419	0,866768	218441,382698	35,328258	0,010928	-0,017448	0,000000	2,048356	-0,124295	-0,124293	13,926280	0,057742	6,384934	1,793724
27,000000	7,088542	7,103832	5,124881	0,188653	6,975957	-6779,001604	3397,872223	-3119,655569	7,612284	947,826054	30,755939	28,342041	31,127565	29,594943	30,277680	-2,903441	1,082024	0,867465	218382,167047	35,326298	0,010692	-0,017643	0,000000	2,048821	-0,124295	-0,124293	13,907659	0,057693	6,420506	1,791329
27,200000	7,086280	7,101808	5,115013	0,190339	6,980985	-6978,534484	3397,787695	-3119,626683	7,614204	947,064843	30,750660	28,340578	31,144620	29,593695	30,275484	-2,903456	1,082928	0,869233	218371,368868	35,325190	0,010750	-0,017724	0,000000	2,048840	-0,124291	-0,124287	13,901612	0,057330	6,429479	1,790507
27,400000	7,084163	7,099833	5,137616	0,198543	6,943549	-6955,810606	3397,968524	-3119,460349	7,616260	948,975434	30,749008	28,340682	31,145686	29,591380	30,283572	-2,903430	1,083042	0,870455	218337,715718	35,323734	0,011011	-0,017721	0,000000	2,048329	-0,124289	-0,124285	13,917858	0,057169	6,404006	1,792570
27,600000	7,082201	7,098267	5,136296	0,223838	6,926807	-6886,352922	3398,019740	-3119,434427	7,618798	949,834079	30,751515	28,341604	31,132981	29,591336	30,291155	-2,903545	1,083133	0,868827	218120,571745	35,321276	0,010969	-0,017704	0,000000	2,047840	-0,124289	-0,124291	13,925046	0,057205	6,403400	1,793497
27,800000	7,080156	7,096114	5,116075	0,267366	6,952389	-6924,510899	3397,856414	-3119,567505	7,621361	947,980945	30,751955	28,340997	31,133690	29,594415	30,288452	-2,903677	1,082569	0,867355	217863,305176	35,318457	0,010627	-0,017645	0,000000	2,047848	-0,124286	-0,124295	13,909686	0,056970	6,422345	1,791497
28,000000	7,077995	7,093542	5,124183	0,296005	6,958681	-6996,251663	3397,810677	-3119,555013	7,623556	946,219960	30,749081	28,340407	31,146443	29,598119	30,280599	-2,903616	1,081932	0,865961	217879,468346	35,315456	0,010561	-0,017563	0,000000	2,048030	-0,124288	-0,124293	13,895185	0,056639	6,411516	1,789594
28,200000	7,076336	7,091223	5,148062	0,268590	6,928447	-7018,814773	3398,011675	-3119,406524	7,625829	945,956232	30,749376	28,341192	31,142888	29,599609	30,277251	-2,903504	1,081678	0,865395	218093,847124	35,313483	0,010873	-0,017400	0,000000	2,048244	-0,124297	-0,124290	13,892835	0,056768	6,384350	1,789309
28,400000	7,075084	7,089180	5,136880	0,201298	6,924032	-7141,680039	3398,171813	-3119,430625	7,628374	946,250059	30,752068	28,341896	31,125853	29,596543	30,280356	-2,903461	1,081304	0,866939	218158,647192	35,313291	0,011046	-0,017319	0,000000	2,048118	-0,124301	-0,124292	13,894805	0,057273	6,394000	1,789627
28,600000	7,073186	7,087745	5,114847	0,159427	6,953617	-7128,543471	3398,065702	-3119,655759	7,630812	946,429727	30,751526	28,341861	31,126943	29,590010	30,283465	-2,903418	1,081395	0,868262	218029,199784	35,313003	0,010895	-0,017560	0,000000	2,047639	-0,124299	-0,124291	13,895994	0,057598	6,415876	1,789821
28,800000	7,070577	7,086136	5,120549	0,157320	6,958424	-6803,925415	3397,915687	-3119,729370	7,632925	946,439820	30,747355	28,341211	31,146539	29,588168	30,283529	-2,903378	1,081632	0,867683	217921,080041	35,311324	0,010728	-0,017901	0,000000	2,047648	-0,124295	-0,124287	13,896047	0,057630	6,408711	1,789832
29,000000	7,068291	7,083854	5,128431	0,164276	6,930941	-6477,422100	3397,911782	-3119,450321	7,635100	948,184311	30,744355	28,341295	31,151973	29,595944	30,283939	-2,903459	1,082541	0,867196	217980,890331	35,308500	0,010705	-0,017963	0,000000	2,047422	-0,124292	-0,124286	13,910669	0,057699	6,398245	1,791716
29,200000	7,066716	7,081657	5,121063	0,167396	6,921453	-6343,873638	3398,121795	-3119,114618	7,637777	952,368041	30,746392	28,344149	31,136805	29,603871	30,285304	-2,903577	1,082775	0,867763	218143,329898	35,304985	0,010803	-0,017696	0,000000	2,047208	-0,124290	-0,124287	13,945730	0,057824	6,403208	1,796230
29,400000	7,065078	7,079886	5,108078	0,167157	6,937021	-6381,473156	3398,273506	-3119,181289	7,640480	954,448531	30,749076	28,347230	31,124383	29,601971	30,285599	-2,903575	1,081342	0,867811	218294,448586	35,302475	0,010837	-0,017353	0,000000	2,048024	-0,124290	-0,124287	13,963241	0,057786	6,414650	1,798471
29,600000	7,062985	7,078257	5,096513	0,166522	6,935450	-6529,575592	3398,039778	-3119,607759	7,642792	953,510986	30,745375	28,345223	31,132058	29,594096	30,284206	-2,903434	1,080524	0,866722	218337,243733	35,300963	0,010770	-0,017290	0,000000	2,048762	-0,124293	-0,124288	13,955428	0,057726	6,425458	1,797461
29,800000	7,060974	7,075922	5,086169	0,168000	6,908783	-6741,950237	3397,787668	-3119,841035	7,645019	953,673469	30,740027	28,339584	31,148589	29,589917	30,282740	-2,903304	1,079150	0,865470	218219,102613	35,298441	0,010826	-0,017539	0,000000	2,048384	-0,124291	-0,124287	13,956530	0,057989	6,434559	1,797636
30,000000	7,059044	7,073172	5,090753	0,169950	6,890003	-6810,118850	3397,935975	-3119,621176	7,647364	954,810009	30,742728	28,337880	31,151530	29,592489	30,283298	-2,903359	1,077803	0,866273	218132,588322	35,295494	0,011056	-0,017710	0,000000	2,047361	-0,124289	-0,124281	13,965884	0,058177	6,427120	1,798860
30,200000	7,056813	7,071291	5,118078	0,169906	6,893832	-6622,514076	3398,269516	-3119,291861	7,649841	955,148904	30,751052	28,340467	31,137738	29,597223	30,284550	-2,903622	1,079675	0,868009	218180,238064	35,293300	0,011216	-0,017583	0,000000	2,047079	-0,124294	-0,124281	13,969125	0,057780	6,396161	1,799225
30,400000	7,054489	7,069885	5,127639	0,169012	6,909798	-6537,385256	3398,306601	-3119,299907	7,652364	954,123053	30,753979	28,342488	31,122168	29,598245	30,283889	-2,903872	1,083936	0,869232	218240,526499	35,291289	0,011061	-0,017406	0,000000	2,048308	-0,124297	-0,124290	13,961074	0,057221	6,384284	1,798120
30,600000	7,052377	7,068350	5,113942	0,169356	6,925070	-6715,955120	3397,973900	-3119,614290	7,654787	952,778833	30,747323	28,341486	31,125026	29,595759	30,282173	-2,903640	1,087525	0,869082	218243,829937	35,289051	0,010707	-0,017459	0,000000	2,049947	-0,124291	-0,124295	13,950047	0,056959	6,397001	1,796672
30,800000	7,050714	7,066767	5,109281	0,170207	6,931508	-6832,025099	3397,777706	-3119,828868	7,656948	953,403859	30,737489	28,340198	31,142683	29,594257	30,283815	-2,903218	1,088929	0,867340	218239,016385	35,286409	0,010548	-0,017713	0,000000	2,050116	-0,124287	-0,124288	13,954966	0,057290	6,400527	1,797346
31,000000	7,049435	7,064733	5,107228	0,168710	6,932374	-6664,250064	3397,922494	-3119,730568	7,659164	953,973181	30,734531	28,340835	31,147129	29,594818	30,287665	-2,903283	1,088385	0,867303	218314,662011	35,282956	0,010853	-0,017825	0,000000	2,048928	-0,124290	-0,124280	13,958943	0,058093	6,400574	1,797959
31,200000	7,047832	7,062150	5,103415	0,165541	6,938189	-6522,343898	3398,021387	-3119,514037	7,661742	952,306204	30,741006	28,339569	31,133334	29,594281	30,286892	-2,903529	1,087339	0,868294	218409,247720	35,278780	0,011160	-0,017655	0,000000	2,047820	-0,124290	-0,124283	13,944614	0,058420	6,401554	1,796163
31,400000	7,045595	7,059687	5,089546	0,164036	6,939040	-6693,653618	3397,937593	-3119,483049	7,664129	951,517514	30,746212	28,338421	31,128122	29,592714	30,281254	-2,903595	1,086389	0,868849	218400,071037	35,275861	0,010929	-0,017590	0,000000	2,047436	-0,124289	-0,124291	13,938541	0,057865	6,413532	1,795313
31,600000	7,043272	7,058032	5,089103	0,164360	6,920444	-6738,745796	3397,946876	-3119,543182	7,666247	953,272587	30,744402	28,342076	31,138685	29,595141	30,278609	-2,903630	1,084965	0,868556	218335,627959	35,276142	0,010550	-0,017745	0,000000	2,047572	-0,124292	-0,124293	13,953937	0,057216	6,412809	1,797204
31,800000	7,041417	7,056663	5,110740	0,165133	6,902759	-6672,998041	3398,079022	-3119,519211	7,668643	954,071997	30,740875	28,346314	31,141191	29,598396	30,283389	-2,903734	1,085226	0,865998	218313,399737	35,276774	0,010604	-0,017725	0,000000	2,047609	-0,124296	-0,124293	13,960815	0,057050	6,389066	1,798065
32,000000	7,039952	7,055163	5,102299	0,166115	6,912016	-7028,510232	3398,015350	-3119,538407	7,671260	952,262602	30,736460	28,345585	31,135985	29,596246	30,290104	-2,903737	1,085719	0,865119	218307,622301	35,274250	0,010791	-0,017526	0,000000	2,047875	-0,124296	-0,124295	13,945508	0,057160	6,396204	1,796116
32,200000	7,038316	7,053647	5,087390	0,166440	6,929294	-7437,970072	3397,760030	-3119,559545	7,673565	950,574859	30,731522	28,340983	31,140562	29,595178	30,291347	-2,903511	1,084865	0,866835	218287,709587	35,269218	0,010849	-0,017530	0,000000	2,048480	-0,124292	-0,124293	13,931087	0,057394	6,409978	1,794296
32,400000	7,036241	7,051473	5,097818	0,165890	6,921887	-7526,162773	3397,667558	-3119,425083	7,675691	951,208757	30,732819	28,337591	31,143345	29,600406	30,286878	-2,903380	1,084493	0,867537	218231,076385	35,263369	0,011016	-0,017583	0,000000	2,048323	-0,124290	-0,124290	13,936173	0,057638	6,396372	1,794980
32,600000	7,034108	7,048976	5,116513	0,165841	6,907952	-7481,453800	3397,898323	-3119,283112	7,678191	953,542908	30,739683	28,338310	31,132941	29,604465	30,281700	-2,903491	1,083385	0,867158	218122,379041	35,258126	0,011078	-0,017420	0,000000	2,047552	-0,124292	-0,124293	13,955711	0,057712	6,373638	1,797495
32,800000	7,032112	7,046974	5,124080	0,166078	6,922556	-7516,737729	3398,093744	-3119,338477	7,680753	955,155382	30,742730	28,340693	31,122740	29,601069	30,278413	-2,903699	1,082874	0,866334	218004,998928	35,254457	0,010990	-0,017369	0,000000	2,047358	-0,124295	-0,124296	13,969352	0,057607	6,363218	1,799232
33,000000	7,030022	7,045386	5,112385	0,165683	6,947031	-7679,471344	3397,936312	-3119,596100	7,682912	955,262182	30,738830	28,341801	31,126935	29,593486	30,279034	-2,903847	1,085090	0,866676	217846,483483	35,252236	0,011006	-0,017653	0,000000	2,048041	-0,124296	-0,124295	13,970567	0,057289	6,373817	1,799347
33,200000	7,028150	7,043838	5,111601	0,165111	6,945943	-7647,483609	3397,729833	-3119,811405	7,684833	954,945076	30,732708	28,340720	31,142236	29,589504	30,283333	-2,903810	1,088208	0,866985	217646,330522	35,250589	0,010999	-0,017946	0,000000	2,048246	-0,124293	-0,124294	13,968345	0,056850	6,373457	1,799005
33,400000	7,026745	7,041757	5,107786	0,165018	6,933141	-7368,830208	3397,780886	-3119,655475	7,686939	954,809342	30,729285	28,338391	31,149660	29,592091	30,286667	-2,903655	1,089904	0,866860	217553,028468	35,248043	0,011025	-0,017903	0,000000	2,047264	-0,124290	-0,124290	13,967286	0,056770	6,375542	1,798859
33,600000	7,025206	7,039584	5,104273	0,165029	6,936518	-7116,128804	3397,994539	-3119,273317	7,689536	953,978758	30,730168	28,337743	31,141551	29,597421	30,286426	-2,903625	1,088646	0,868334	217584,023385	35,244080	0,011078	-0,017526	0,000000	2,047042	-0,124293	-0,124289	13,959912	0,057171	6,376624	1,797965
33,800000	7,023209	7,037747	5,117466	0,164791	6,944262	-7162,875443	3398,002961	-3119,220676	7,692342	951,942531	30,732746	28,339010	31,131993	29,599890	30,282823	-2,903858	1,085442	0,869407	217589,359586	35,240557	0,010878	-0,017264	0,000000	2,048343	-0,124297	-0,124295	13,942560	0,057418	6,360493	1,795771
34,000000	7,021034	7,036094	5,109612	0,165148	6,936269	-7586,197181	3397,750053	-3119,593453	7,694684	951,333630	30,731796	28,339093	31,134486	29,595837	30,278977	-2,903889	1,080949	0,868349	217531,463108	35,238361	0,010673	-0,017396	0,000000	2,049504	-0,124295	-0,124300	13,937592	0,057268	6,366987	1,795115
34,200000	7,018999	7,034479	5,099648	0,165583	6,924604	-7975,374074	3397,594740	-3119,890024	7,696566	953,281306	30,727636	28,337268	31,145951	29,589305	30,278453	-2,903542	1,075883	0,866119	217466,277170	35,235671	0,010785	-0,017601	0,000000	2,049327	-0,124289	-0,124296	13,953989	0,057237	6,375935	1,797214
34,400000	7,017415	7,032339	5,099471	0,164968	6,927761	-8151,755070	3397,659833	-3119,820262	7,698482	954,151064	30,724795	28,336506	31,151210	29,587216	30,281649	-2,903469	1,073386	0,865119	217423,691762	35,232205	0,011072	-0,017693	0,000000	2,048048	-0,124285	-0,124289	13,961020	0,057509	6,373973	1,798151
34,600000	7,016152	7,030177	5,106872	0,164257	6,932453	-8222,446194	3397,890057	-3119,553472	7,700652	953,210077	30,727360	28,338087	31,141640	29,590674	30,285673	-2,903679	1,072399	0,866179	217390,034336	35,229137	0,011131	-0,017655	0,000000	2,046667	-0,124286	-0,124286	13,952991	0,057637	6,363738	1,797137
34,800000	7,014449	7,028357	5,120176	0,164765	6,923987	-8286,557459	3398,088149	-3119,385536	7,703200	953,543076	30,733765	28,340903	31,126857	29,595653	30,286790	-2,903769	1,072070	0,867634	217405,772824	35,226005	0,010875	-0,017575	0,000000	2,046398	-0,124292	-0,124289	13,956064	0,057360	6,347459	1,797496
35,000000	7,012170	7,026951	5,113347	0,166034	6,918341	-8354,877233	3397,974614	-3119,476836	7,705774	953,817776	30,734112	28,342546	31,124536	29,597471	30,284826	-2,903757	1,075207	0,868052	217489,752652	35,222470	0,010645	-0,017638	0,000000	2,047951	-0,124293	-0,124297	13,958772	0,056959	6,352681	1,797792
35,200000	7,009946	7,025843	5,113039	0,166836	6,930115	-8227,770795	3397,693414	-3119,707967	7,708051	952,070337	30,726205	28,341150	31,137497	29,596677	30,282677	-2,903591	1,078933	0,867522	217518,677625	35,219079	0,010540	-0,017778	0,000000	2,049654	-0,124288	-0,124298	13,944336	0,056716	6,351798	1,795909
35,400000	7,008134	7,023929	5,110843	0,166976	6,945516	-8033,446697	3397,650269	-3119,800898	7,710321	950,479249	30,718965	28,339991	31,152887	29,595389	30,283719	-2,903295	1,078136	0,866425	217427,610580	35,214796	0,010647	-0,017961	0,000000	2,049417	-0,124289	-0,124290	13,931054	0,056623	6,352163	1,794193
35,600000	7,006799	7,021582	5,102494	0,166491	6,947603	-7926,287825	3397,904438	-3119,608016	7,712665	950,241738	30,719592	28,340759	31,155216	29,594029	30,288473	-2,903279	1,074450	0,865805	217285,745882	35,209407	0,011043	-0,017952	0,000000	2,047776	-0,124298	-0,124287	13,928973	0,056707	6,358134	1,793937
35,800000	7,005462	7,019453	5,104791	0,165800	6,941322	-7867,670693	3398,119170	-3119,326526	7,715012	951,383380	30,726930	28,341010	31,139427	29,593934	30,289388	-2,903600	1,071931	0,866597	217222,917740	35,204947	0,011292	-0,017752	0,000000	2,046499	-0,124302	-0,124290	13,938222	0,057057	6,352948	1,795168
36,000000	7,003626	7,017831	5,098959	0,165461	6,938608	-7875,740434	3398,115511	-3119,299027	7,717403	953,627396	30,735177	28,340414	31,122546	29,594679	30,283120	-2,903810	1,071543	0,866541	217298,451725	35,201966	0,011165	-0,017645	0,000000	2,046712	-0,124298	-0,124293	13,956882	0,057250	6,356837	1,797587
36,200000	7,001522	7,016593	5,109029	0,165584	6,935738	-7947,625913	3398,022929	-3119,542325	7,719667	954,181391	30,736338	28,340285	31,119662	29,594086	30,279000	-2,903806	1,071961	0,866460	217407,676823	35,198878	0,010942	-0,017520	0,000000	2,048163	-0,124295	-0,124296	13,961966	0,056818	6,344706	1,798183
36,400000	6,999577	7,014838	5,110285	0,166115	6,923846	-8100,257086	3397,841133	-3119,818444	7,721699	952,141312	30,727014	28,340094	31,130337	29,592392	30,280277	-2,903831	1,071198	0,868200	217397,134675	35,194682	0,010768	-0,017551	0,000000	2,049533	-0,124297	-0,124298	13,945357	0,056292	6,341451	1,795985
36,600000	6,997903	7,012845	5,098670	0,166458	6,911627	-8117,709622	3397,644267	-3119,909099	7,723828	950,405660	30,716127	28,338452	31,149390	29,592091	30,282627	-2,903837	1,069988	0,868347	217295,861929	35,190230	0,010756	-0,017699	0,000000	2,049913	-0,124294	-0,124296	13,930806	0,056252	6,351596	1,794114
36,800000	6,996214	7,010613	5,110568	0,166544	6,912417	-8107,033833	3397,704888	-3119,751476	7,726186	950,184928	30,713225	28,337747	31,161342	29,594269	30,284874	-2,903579	1,069364	0,866388	217253,805094	35,186315	0,010869	-0,017544	0,000000	2,049161	-0,124289	-0,124288	13,928682	0,056520	6,337024	1,793876
37,000000	6,994344	7,008596	5,104845	0,166286	6,922004	-8363,156334	3398,032392	-3119,434283	7,728608	950,470728	30,719402	28,339562	31,155004	29,597621	30,285059	-2,903388	1,070862	0,865497	217280,642408	35,182717	0,010796	-0,017422	0,000000	2,047838	-0,124291	-0,124285	13,930746	0,056860	6,340539	1,794184
37,200000	6,992342	7,007377	5,090709	0,165780	6,925258	-8567,344571	3398,317949	-3119,165755	7,731072	950,657410	30,728324	28,342346	31,139154	29,599231	30,281573	-2,903607	1,075427	0,867176	217304,687801	35,179412	0,010696	-0,017487	0,000000	2,047096	-0,124299	-0,124290	13,931925	0,057251	6,353297	1,794385
37,400000	6,990235	7,005909	5,089026	0,165903	6,920713	-8437,147854	3398,319130	-3119,170198	7,733558	949,789658	30,732625	28,344039	31,126183	29,595303	30,278834	-2,903860	1,080442	0,867833	217272,990650	35,175279	0,010822	-0,017338	0,000000	2,047432	-0,124301	-0,124295	13,924539	0,057339	6,352854	1,793449
37,600000	6,988230	7,004275	5,091670	0,166076	6,921339	-8021,649930	3398,067895	-3119,416979	7,735948	948,501241	30,729184	28,342950	31,121443	29,587810	30,282700	-2,903863	1,085444	0,866693	217170,612370	35,168459	0,010977	-0,017226	0,000000	2,048336	-0,124295	-0,124295	13,914161	0,056875	6,347513	1,792059
37,800000	6,986610	7,002561	5,093618	0,165469	6,929544	-7778,641313	3397,722648	-3119,664459	7,738170	949,046555	30,721423	28,340055	31,125975	29,584113	30,290997	-2,903743	1,085553	0,866328	217071,087235	35,160769	0,010951	-0,017459	0,000000	2,048874	-0,124287	-0,124292	13,919190	0,056435	6,342887	1,792647
38,000000	6,985151	7,000266	5,079651	0,164879	6,926947	-7976,127541	3397,555847	-3119,798541	7,740332	950,387390	30,716296	28,337540	31,137739	29,586994	30,293184	-2,903538	1,078192	0,865690	217088,891444	35,155508	0,010649	-0,017832	0,000000	2,048755	-0,124279	-0,124293	13,930498	0,056407	6,354952	1,794094
38,200000	6,983457	6,998042	5,082081	0,164955	6,903244	-8026,630003	3397,633316	-3119,798277	7,742429	950,801391	30,715527	28,336860	31,149004	29,593411	30,286165	-2,903374	1,072540	0,866132	217274,082839	35,152855	0,010514	-0,018083	0,000000	2,048461	-0,124280	-0,124294	13,933691	0,056695	6,350389	1,794541
38,400000	6,981748	6,996409	5,091181	0,165167	6,880535	-7713,807299	3397,856203	-3119,587906	7,744423	950,726893	30,717845	28,338074	31,147605	29,598517	30,279519	-2,903459	1,074436	0,866767	217472,888212	35,151036	0,010836	-0,018047	0,000000	2,048415	-0,124290	-0,124292	13,932657	0,057102	6,339265	1,794460
38,600000	6,980202	6,995303	5,078785	0,165035	6,885051	-7407,993456	3398,141417	-3119,331930	7,746694	950,642300	30,722108	28,340064	31,133156	29,598488	30,278895	-2,903653	1,080116	0,865820	217460,229663	35,147992	0,011149	-0,017647	0,000000	2,048370	-0,124302	-0,124288	13,931650	0,057398	6,350489	1,794369
38,800000	6,978622	6,993706	5,080475	0,165171	6,902846	-7293,812785	3398,248997	-3119,285722	7,749305	950,627223	30,723971	28,341763	31,123287	29,592816	30,283495	-2,903772	1,083106	0,866307	217312,761207	35,142613	0,011234	-0,017135	0,000000	2,047971	-0,124309	-0,124287	13,931480	0,057441	6,346249	1,794353
39,000000	6,976935	6,991579	5,090292	0,165279	6,902837	-7326,480903	3398,167777	-3119,394270	7,751784	950,624257	30,721339	28,342373	31,127658	29,587206	30,289731	-2,903847	1,083226	0,867622	217253,345157	35,135707	0,011166	-0,017028	0,000000	2,047483	-0,124303	-0,124290	13,931615	0,057282	6,333137	1,794350
39,200000	6,974920	6,990087	5,088455	0,164848	6,891384	-7324,387749	3397,981367	-3119,539519	7,754013	950,607096	30,717944	28,341156	31,135029	29,588375	30,290920	-2,903919	1,082448	0,866921	217277,911350	35,128967	0,010899	-0,017325	0,000000	2,047202	-0,124293	-0,124295	13,931698	0,057055	6,332785	1,794331
39,400000	6,972510	6,988643	5,084906	0,165051	6,896645	-7255,175253	3397,782139	-3119,650570	7,756094	951,448985	30,716336	28,338930	31,138905	29,595258	30,286526	-2,903891	1,080948	0,865974	217311,558814	35,123115	0,010632	-0,017705	0,000000	2,047581	-0,124289	-0,124303	13,939119	0,056711	6,334364	1,795239
39,600000	6,970542	6,986805	5,084000	0,165886	6,910705	-7140,971741	3397,723133	-3119,726882	7,758069	952,614324	30,714687	28,338597	31,145830	29,599906	30,281601	-2,903589	1,079513	0,865893	217391,141317	35,117408	0,010604	-0,017906	0,000000	2,048517	-0,124288	-0,124303	13,949263	0,056361	6,332967	1,796495
39,800000	6,969228	6,984738	5,080004	0,166093	6,903952	-7062,605388	3397,729909	-3119,768085	7,760062	951,991642	30,709971	28,339440	31,157108	29,597107	30,279105	-2,903229	1,078228	0,866727	217504,440039	35,111588	0,010661	-0,017718	0,000000	2,049176	-0,124286	-0,124293	13,944140	0,056251	6,334672	1,795824
40,000000	6,967794	6,982822	5,066681	0,165681	6,879979	-7006,777524	3397,751480	-3119,738266	7,762208	950,648442	30,705230	28,338018	31,162127	29,591650	30,279890	-2,903219	1,078687	0,866770	217593,104621	35,106708	0,010714	-0,017415	0,000000	2,048954	-0,124286	-0,124281	13,932844	0,056256	6,346342	1,794376
40,200000	6,966247	6,981194	5,070556	0,165335	6,870223	-6624,908698	3397,847030	-3119,648219	7,764511	950,270081	30,706343	28,336821	31,154641	29,590435	30,282363	-2,903400	1,078723	0,866487	217685,631923	35,102397	0,010897	-0,017291	0,000000	2,048109	-0,124291	-0,124278	13,929673	0,056245	6,340112	1,793967
40,400000	6,964643	6,979219	5,078403	0,165401	6,882633	-6126,001862	3398,073165	-3119,437631	7,766907	950,421253	30,711941	28,339205	31,144161	29,593506	30,283543	-2,903571	1,077267	0,868158	217806,820747	35,097330	0,011117	-0,017394	0,000000	2,047254	-0,124292	-0,124282	13,930713	0,056476	6,329198	1,794131
40,600000	6,962758	6,977617	5,067868	0,165890	6,891854	-6079,874428	3398,275673	-3119,184294	7,769337	950,590356	30,716981	28,342672	31,133369	29,597701	30,283506	-2,903806	1,077129	0,867086	217908,229434	35,091884	0,011111	-0,017771	0,000000	2,046818	-0,124292	-0,124290	13,931718	0,056893	6,337640	1,794313
40,800000	6,960764	6,976307	5,062952	0,166103	6,882871	-6311,953593	3398,279364	-3119,142508	7,771780	950,622057	30,718531	28,344616	31,121839	29,598945	30,283596	-2,903810	1,078201	0,864596	217941,434583	35,086149	0,010803	-0,017958	0,000000	2,047284	-0,124295	-0,124296	13,931886	0,056992	6,340366	1,794347
41,000000	6,958856	6,974375	5,067472	0,165706	6,868317	-6481,096918	3398,169301	-3119,361503	7,774095	951,464690	30,716037	28,344521	31,118590	29,594338	30,286479	-2,903566	1,080825	0,865179	217901,118738	35,079730	0,010516	-0,017501	0,000000	2,048324	-0,124300	-0,124297	13,939169	0,056794	6,332821	1,795256
41,200000	6,957103	6,972372	5,074032	0,165215	6,863266	-6567,649039	3397,987657	-3119,653381	7,776306	953,556374	30,711470	28,342426	31,123110	29,588720	30,292015	-2,903561	1,082198	0,866398	217814,671411	35,073250	0,010620	-0,017114	0,000000	2,049012	-0,124301	-0,124295	13,956661	0,056875	6,323370	1,797510
41,400000	6,955533	6,970877	5,068394	0,165166	6,868796	-6611,842686	3397,795191	-3119,881998	7,778691	954,198663	30,709164	28,338857	31,126944	29,587321	30,291711	-2,903778	1,082479	0,867151	217715,450789	35,067784	0,010802	-0,017326	0,000000	2,048796	-0,124295	-0,124294	13,961699	0,057230	6,327269	1,798202
41,600000	6,953820	6,969595	5,061667	0,165398	6,872537	-6660,771179	3397,707646	-3119,964827	7,781025	952,295586	30,711206	28,336865	31,127459	29,588060	30,284532	-2,903930	1,085680	0,867962	217636,164447	35,062613	0,010703	-0,017510	0,000000	2,048472	-0,124289	-0,124296	13,945301	0,057644	6,332383	1,796152
41,800000	6,951794	6,967691	5,067801	0,165411	6,868263	-6760,754847	3397,746276	-3119,840365	7,782930	951,490543	30,712279	28,338684	31,130077	29,588561	30,278244	-2,903835	1,088820	0,866874	217611,133603	35,055440	0,010455	-0,017578	0,000000	2,048746	-0,124288	-0,124301	13,938255	0,057925	6,323135	1,795284
42,000000	6,949779	6,965446	5,060093	0,165404	6,867528	-6880,518888	3397,796231	-3119,651638	7,784585	952,385427	30,707467	28,340333	31,140957	29,590490	30,276344	-2,903594	1,088028	0,865040	217629,289138	35,047713	0,010354	-0,017746	0,000000	2,049045	-0,124292	-0,124301	13,946280	0,057421	6,328183	1,796248
42,200000	6,948096	6,963788	5,064954	0,165747	6,872658	-6875,018090	3397,772591	-3119,522286	7,786486	951,900878	30,700468	28,339244	31,151538	29,593882	30,279887	-2,903499	1,084726	0,865384	217656,013121	35,042680	0,010514	-0,017854	0,000000	2,048918	-0,124297	-0,124296	13,943207	0,056421	6,321153	1,795726
42,400000	6,947055	6,962300	5,075663	0,166214	6,871321	-6871,744007	3397,793149	-3119,424001	7,788779	950,667684	30,698103	28,338148	31,147852	29,594999	30,287457	-2,903491	1,082659	0,866991	217713,947705	35,039356	0,010776	-0,017845	0,000000	2,048172	-0,124298	-0,124289	13,933083	0,056178	6,308208	1,794396
42,600000	6,945994	6,960427	5,057032	0,166009	6,866291	-7024,069299	3397,845152	-3119,412308	7,791308	950,345823	30,702848	28,340087	31,135906	29,595271	30,290864	-2,903581	1,080148	0,867789	217801,437632	35,034186	0,010831	-0,017631	0,000000	2,047452	-0,124299	-0,124285	13,929944	0,056611	6,324932	1,794049
42,800000	6,944004	6,958487	5,049225	0,165637	6,867660	-7193,270344	3397,826727	-3119,527538	7,793985	951,325389	30,709466	28,342936	31,129353	29,596954	30,284599	-2,903766	1,076748	0,867424	217837,477354	35,027007	0,010638	-0,017348	0,000000	2,047646	-0,124299	-0,124290	13,938184	0,056608	6,330029	1,795106
43,000000	6,941622	6,956792	5,052428	0,166079	6,868599	-7281,082640	3397,793305	-3119,662390	7,796360	953,465353	30,710326	28,341638	31,133373	29,596140	30,276271	-2,903741	1,075937	0,866149	217820,346629	35,021213	0,010637	-0,017310	0,000000	2,048255	-0,124293	-0,124297	13,956678	0,056094	6,324391	1,797412
43,200000	6,939709	6,955281	5,057058	0,166248	6,862098	-7390,104721	3397,870658	-3119,656476	7,798268	954,019400	30,705801	28,338697	31,143259	29,593805	30,275387	-2,903642	1,076309	0,864655	217844,241312	35,017177	0,010913	-0,017548	0,000000	2,048465	-0,124291	-0,124294	13,961898	0,055526	6,317940	1,798009
43,400000	6,938117	6,953369	5,054670	0,165392	6,856718	-7743,214097	3398,067816	-3119,490505	7,800266	952,012515	30,701587	28,339472	31,144956	29,593100	30,282311	-2,903727	1,077075	0,864275	217824,906082	35,012206	0,011015	-0,017789	0,000000	2,048055	-0,124295	-0,124288	13,945371	0,055195	6,318054	1,795846
43,600000	6,936494	6,951323	5,040340	0,164795	6,855872	-8054,250924	3398,139360	-3119,323489	7,802582	951,187639	30,700991	28,341551	31,137722	29,593357	30,291233	-2,903750	1,078258	0,864462	217668,399064	35,006140	0,010948	-0,017720	0,000000	2,046880	-0,124294	-0,124287	13,938242	0,055391	6,330126	1,794957
43,800000	6,934983	6,949706	5,053517	0,165127	6,851362	-7944,621337	3398,104437	-3119,250712	7,805008	953,094001	30,702692	28,342475	31,132006	29,594365	30,294611	-2,903755	1,079103	0,865669	217570,512816	35,001376	0,010931	-0,017439	0,000000	2,046268	-0,124292	-0,124289	13,953678	0,055974	6,314037	1,797012
44,000000	6,933507	6,948126	5,072618	0,165263	6,847152	-7735,123948	3398,106330	-3119,315648	7,807515	954,880141	30,703869	28,343383	31,126303	29,596153	30,290446	-2,903927	1,080642	0,868484	217613,263181	34,997446	0,010719	-0,017390	0,000000	2,047473	-0,124296	-0,124291	13,968196	0,056454	6,292010	1,798936
44,200000	6,931719	6,946668	5,072203	0,165222	6,855133	-7698,385248	3398,004911	-3119,582389	7,810035	954,275873	30,704073	28,343455	31,122532	29,595995	30,285397	-2,903958	1,079945	0,869150	217661,268701	34,991352	0,010523	-0,017528	0,000000	2,048868	-0,124300	-0,124292	13,963120	0,056457	6,290074	1,798285
44,400000	6,929781	6,945098	5,056182	0,165606	6,865089	-7764,246853	3397,830597	-3119,858962	7,812252	952,773088	30,702909	28,341205	31,129573	29,590233	30,283336	-2,903798	1,075203	0,866701	217662,320062	34,983782	0,010589	-0,017518	0,000000	2,049155	-0,124300	-0,124292	13,950985	0,055972	6,304334	1,796666
44,600000	6,928191	6,943385	5,042399	0,165641	6,862432	-7705,202882	3397,679843	-3119,981781	7,814311	953,177446	30,699365	28,337468	31,140649	29,583706	30,282827	-2,903738	1,073729	0,864566	217626,946636	34,978038	0,010669	-0,017531	0,000000	2,048789	-0,124297	-0,124290	13,954912	0,055442	6,316661	1,797102
44,800000	6,926814	6,941657	5,050097	0,165246	6,861808	-7473,066889	3397,634759	-3119,976738	7,816470	954,484526	30,695736	28,335638	31,146457	29,584007	30,282852	-2,903785	1,078371	0,864183	217547,829317	34,974165	0,010686	-0,017862	0,000000	2,048291	-0,124286	-0,124291	13,966156	0,055173	6,306703	1,798510
45,000000	6,925181	6,939894	5,042123	0,164968	6,872746	-7390,790246	3397,807865	-3119,825822	7,818565	955,760994	30,695717	28,337891	31,147978	29,590380	30,282490	-2,903764	1,081831	0,865185	217528,715786	34,969732	0,010624	-0,018121	0,000000	2,047874	-0,124280	-0,124294	13,976960	0,055081	6,312806	1,799884
45,200000	6,923168	6,938297	5,025928	0,165204	6,875686	-7499,317010	3398,021342	-3119,565190	7,820712	956,890293	30,697872	28,341779	31,146698	29,597541	30,281787	-2,903687	1,081672	0,865762	217648,924421	34,964608	0,010537	-0,018007	0,000000	2,047974	-0,124285	-0,124293	13,986167	0,055345	6,327469	1,801099
45,400000	6,921052	6,936430	5,027295	0,165825	6,859945	-7515,493556	3398,053900	-3119,403748	7,823061	956,221034	30,698660	28,342976	31,139720	29,600195	30,282375	-2,903655	1,082569	0,865668	217738,114652	34,959200	0,010456	-0,017775	0,000000	2,048544	-0,124291	-0,124288	13,980037	0,055863	6,323375	1,800379
45,600000	6,919340	6,934571	5,046973	0,165953	6,843497	-7302,852809	3397,989972	-3119,464031	7,825408	954,866596	30,698394	28,341429	31,130052	29,596229	30,285147	-2,903603	1,084578	0,866872	217707,627804	34,953598	0,010599	-0,017528	0,000000	2,048673	-0,124296	-0,124284	13,968551	0,055984	6,300135	1,798921
45,800000	6,918031	6,932936	5,066648	0,165457	6,847025	-7154,567276	3397,969702	-3119,567100	7,827730	954,475786	30,699485	28,340491	31,126596	29,589909	30,288393	-2,903487	1,084716	0,867839	217669,451307	34,948987	0,011038	-0,017408	0,000000	2,048170	-0,124301	-0,124286	13,965508	0,055748	6,277574	1,798500
46,000000	6,916590	6,931425	5,050342	0,165268	6,860501	-7320,955185	3397,919386	-3119,608028	7,830066	954,611731	30,701359	28,341258	31,125394	29,587256	30,288639	-2,903548	1,081733	0,866985	217661,299245	34,945104	0,011206	-0,017538	0,000000	2,047513	-0,124302	-0,124292	13,966632	0,055765	6,292605	1,798647
46,200000	6,914979	6,930081	5,042225	0,165653	6,858087	-7480,654528	3397,800724	-3119,643610	7,832379	955,645809	30,703524	28,341047	31,124479	29,588947	30,284032	-2,903849	1,076279	0,865713	217633,557764	34,940534	0,011040	-0,017728	0,000000	2,047657	-0,124296	-0,124297	13,975061	0,056014	6,299133	1,799760
46,400000	6,913276	6,928259	5,058520	0,166278	6,846391	-7367,827391	3397,728464	-3119,652420	7,834620	957,760391	30,704619	28,340379	31,130813	29,591563	30,278043	-2,903905	1,072685	0,863881	217600,947262	34,935397	0,010844	-0,017828	0,000000	2,048556	-0,124291	-0,124297	13,992790	0,056017	6,279908	1,802034
46,600000	6,911371	6,926423	5,058187	0,166778	6,850691	-7015,383440	3397,692516	-3119,657246	7,836628	959,214452	30,699112	28,340220	31,143406	29,592916	30,276363	-2,903643	1,074643	0,864761	217587,568643	34,930960	0,010536	-0,017839	0,000000	2,048971	-0,124292	-0,124293	14,005108	0,055883	6,278211	1,803597
46,800000	6,909547	6,924990	5,057041	0,166779	6,863490	-6574,959400	3397,656414	-3119,695351	7,838550	960,218132	30,689689	28,337932	31,154521	29,593300	30,281119	-2,903496	1,078535	0,867746	217577,847033	34,926219	0,010330	-0,017853	0,000000	2,048733	-0,124294	-0,124289	14,013605	0,055791	6,277656	1,804675
47,000000	6,907987	6,923251	5,062134	0,166249	6,860314	-6267,380113	3397,616064	-3119,728537	7,840643	961,159776	30,685924	28,335149	31,158109	29,593860	30,286510	-2,903560	1,077607	0,867170	217579,929209	34,920639	0,010527	-0,018000	0,000000	2,048253	-0,124294	-0,124287	14,021751	0,055528	6,270162	1,805686
47,200000	6,906543	6,921605	5,059712	0,165450	6,848412	-6121,664094	3397,661242	-3119,686699	7,842908	960,414210	30,690148	28,335546	31,152727	29,594446	30,285974	-2,903578	1,074251	0,865446	217590,522552	34,916049	0,010948	-0,018121	0,000000	2,047680	-0,124288	-0,124286	14,015679	0,055359	6,270497	1,804886
47,400000	6,904849	6,920261	5,042626	0,164830	6,851942	-6133,165123	3397,868891	-3119,569624	7,845088	959,976691	30,696970	28,339140	31,144992	29,594921	30,281571	-2,903535	1,073867	0,865012	217589,708009	34,911980	0,011198	-0,018034	0,000000	2,047313	-0,124288	-0,124286	14,011841	0,055534	6,286259	1,804416
47,600000	6,902840	6,918646	5,031669	0,164871	6,860770	-6272,798870	3398,024493	-3119,510127	7,847210	961,738328	30,699839	28,341297	31,145408	29,594829	30,277169	-2,903662	1,076707	0,865428	217583,470870	34,907667	0,011119	-0,017885	0,000000	2,047447	-0,124291	-0,124287	14,026446	0,055675	6,295579	1,806307
47,800000	6,900993	6,916777	5,045364	0,165579	6,850871	-6413,099262	3398,036359	-3119,529332	7,849376	963,335401	30,696786	28,339496	31,152006	29,592137	30,277375	-2,903708	1,080007	0,867329	217583,915308	34,902940	0,010922	-0,017773	0,000000	2,047846	-0,124289	-0,124286	14,040012	0,055467	6,279102	1,808021
48,000000	6,899592	6,915226	5,048825	0,165512	6,833748	-6552,629339	3397,896021	-3119,563915	7,851360	962,681044	30,691086	28,336867	31,156050	29,588804	30,284811	-2,903545	1,080849	0,867544	217582,864485	34,897816	0,010817	-0,017674	0,000000	2,047982	-0,124285	-0,124286	14,034747	0,055259	6,273473	1,807319
48,200000	6,898373	6,913952	5,043677	0,164454	6,830291	-6704,750435	3397,720182	-3119,641028	7,853283	960,374763	30,687933	28,336647	31,154926	29,589515	30,290604	-2,903463	1,081112	0,867080	217575,356699	34,893951	0,010797	-0,017679	0,000000	2,047921	-0,124283	-0,124285	14,015311	0,055397	6,277094	1,804843
48,400000	6,896937	6,912252	5,043360	0,164074	6,832890	-6822,116262	3397,716193	-3119,656483	7,855420	959,681548	30,689187	28,338278	31,150793	29,593782	30,287885	-2,903501	1,081016	0,869056	217578,908517	34,890440	0,010850	-0,017760	0,000000	2,048018	-0,124283	-0,124285	14,009160	0,055743	6,275330	1,804099
48,600000	6,895294	6,910513	5,043190	0,164822	6,835052	-6762,571615	3397,754826	-3119,550734	7,857737	961,675468	30,691278	28,338977	31,147230	29,598372	30,282108	-2,903599	1,080732	0,867809	217643,924815	34,885971	0,010898	-0,017827	0,000000	2,048345	-0,124286	-0,124287	14,025527	0,056067	6,273240	1,806240
48,800000	6,893648	6,909124	5,047387	0,165681	6,846151	-6583,358615	3397,798690	-3119,501011	7,859794	963,423452	30,691247	28,338546	31,145839	29,599939	30,278432	-2,903695	1,082451	0,865027	217705,551550	34,882024	0,010876	-0,017792	0,000000	2,048779	-0,124290	-0,124290	14,040197	0,056017	6,267044	1,808115
49,000000	6,892112	6,907572	5,041693	0,166014	6,861563	-6573,511491	3397,849273	-3119,657854	7,861648	962,763743	30,688855	28,337317	31,147389	29,595369	30,278632	-2,903746	1,084677	0,865545	217659,100449	34,878319	0,010890	-0,017595	0,000000	2,048620	-0,124292	-0,124288	14,034996	0,055702	6,271121	1,807408
49,200000	6,890597	6,905547	5,033455	0,165868	6,862571	-6607,287411	3397,893641	-3119,812883	7,863760	959,521653	30,685679	28,336692	31,153019	29,588598	30,282703	-2,903653	1,085539	0,866223	217608,026791	34,873204	0,010892	-0,017551	0,000000	2,047865	-0,124294	-0,124285	14,007949	0,055615	6,277296	1,803927
49,400000	6,888819	6,903469	5,030319	0,164922	6,848678	-6390,095212	3397,917858	-3119,646198	7,866062	955,809420	30,685083	28,337415	31,157617	29,588199	30,285820	-2,903441	1,085070	0,867011	217633,370534	34,868333	0,010889	-0,017831	0,000000	2,047390	-0,124291	-0,124282	13,976722	0,055725	6,278114	1,799936
49,600000	6,886818	6,901962	5,034103	0,164084	6,839391	-5999,040390	3397,827646	-3119,378768	7,868249	955,092521	30,687813	28,337113	31,154430	29,594475	30,285048	-2,903438	1,085820	0,867169	217673,062661	34,865748	0,010888	-0,018116	0,000000	2,047418	-0,124285	-0,124282	13,970478	0,055953	6,272448	1,799164
49,800000	6,885047	6,900324	5,042172	0,164711	6,843372	-5771,839746	3397,816591	-3119,377815	7,870307	957,348777	30,690718	28,337400	31,149042	29,598558	30,282733	-2,903496	1,086230	0,866198	217668,270664	34,863508	0,010840	-0,018104	0,000000	2,047936	-0,124284	-0,124285	13,989121	0,056236	6,262229	1,801592
50,000000	6,883568	6,898486	5,042371	0,165909	6,847358	-5840,579139	3397,918482	-3119,629196	7,872492	959,193715	30,689391	28,340043	31,150223	29,595438	30,280261	-2,903364	1,084597	0,865782	217660,647375	34,859743	0,010781	-0,018042	0,000000	2,048677	-0,124287	-0,124288	14,004649	0,056168	6,259844	1,803575
50,200000	6,882085	6,897388	5,047370	0,166152	6,838647	-5978,569297	3397,864583	-3119,863436	7,874740	959,406636	30,684726	28,340168	31,154947	29,589222	30,278837	-2,903338	1,084153	0,865308	217640,352897	34,855200	0,010760	-0,018091	0,000000	2,049143	-0,124290	-0,124293	14,006737	0,055864	6,253068	1,803804
50,400000	6,880588	6,896188	5,051102	0,165500	6,827761	-6101,326970	3397,667981	-3119,921469	7,876857	959,988469	30,683900	28,336570	31,152879	29,584921	30,280952	-2,903510	1,083668	0,865400	217545,935111	34,850018	0,010807	-0,017876	0,000000	2,048547	-0,124290	-0,124296	14,011885	0,055588	6,247367	1,804429
50,600000	6,878986	6,894459	5,035656	0,164703	6,829563	-6197,155755	3397,617073	-3119,814683	7,879058	961,010652	30,689549	28,335245	31,142361	29,584963	30,285097	-2,903637	1,082902	0,866074	217526,555505	34,843791	0,010784	-0,017423	0,000000	2,047391	-0,124288	-0,124296	14,020796	0,055235	6,260689	1,805526
50,800000	6,877526	6,892828	5,021392	0,164277	6,834827	-6177,230914	3397,828567	-3119,565250	7,881500	960,376996	30,695753	28,338267	31,126808	29,589944	30,287052	-2,903716	1,084343	0,866191	217649,237252	34,837770	0,010767	-0,017142	0,000000	2,047235	-0,124288	-0,124297	14,015663	0,055063	6,272766	1,804846
51,000000	6,876449	6,891015	5,024909	0,164508	6,829809	-6040,647196	3398,102715	-3119,316725	7,883873	959,100346	30,695721	28,342176	31,114985	29,595885	30,286789	-2,903835	1,087041	0,865916	217761,547890	34,832583	0,010874	-0,017120	0,000000	2,047772	-0,124292	-0,124299	14,004605	0,055431	6,266413	1,803474
51,200000	6,875003	6,888904	5,027168	0,164805	6,823788	-5965,121785	3398,221786	-3119,244494	7,885962	958,800565	30,689573	28,342601	31,120661	29,598388	30,287792	-2,903737	1,088141	0,866442	217781,832535	34,828600	0,010995	-0,017181	0,000000	2,048121	-0,124298	-0,124298	14,001523	0,056001	6,261797	1,803152
51,400000	6,873155	6,887152	5,015096	0,164591	6,825595	-6095,828102	3398,120766	-3119,347857	7,887632	958,922246	30,681499	28,339770	31,138021	29,596838	30,289434	-2,903476	1,086990	0,866455	217733,752898	34,826767	0,011110	-0,017209	0,000000	2,048019	-0,124302	-0,124293	14,002550	0,055993	6,273100	1,803283
51,600000	6,871520	6,885915	5,011442	0,164297	6,822433	-6028,603753	3397,880256	-3119,545249	7,889374	958,963794	30,676315	28,337167	31,153700	29,593409	30,287771	-2,903450	1,086192	0,865709	217664,904961	34,825357	0,011151	-0,017321	0,000000	2,047642	-0,124299	-0,124288	14,003533	0,055358	6,276069	1,803328
51,800000	6,869841	6,884510	5,021480	0,164401	6,807718	-5651,181392	3397,742145	-3119,700957	7,891821	958,935244	30,677850	28,336135	31,160827	29,591117	30,283347	-2,903537	1,085979	0,866633	217626,567435	34,822068	0,010927	-0,017523	0,000000	2,047353	-0,124289	-0,124287	14,003695	0,054957	6,264012	1,803297
52,000000	6,867975	6,882921	5,020703	0,164475	6,799083	-5508,934902	3397,867267	-3119,654991	7,894318	959,819292	30,682428	28,338356	31,156866	29,591497	30,279147	-2,903557	1,085356	0,866759	217625,687312	34,816634	0,010640	-0,017652	0,000000	2,047447	-0,124284	-0,124287	14,010980	0,055077	6,262398	1,804247
52,200000	6,866155	6,881418	5,002516	0,164500	6,805790	-5678,453542	3398,016536	-3119,510724	7,896399	961,908846	30,683193	28,341086	31,151738	29,593080	30,277314	-2,903647	1,084091	0,866047	217633,660261	34,810656	0,010561	-0,017717	0,000000	2,048036	-0,124282	-0,124286	14,028474	0,055073	6,278943	1,806490
52,400000	6,864368	6,879925	4,990803	0,165260	6,809677	-5832,189428	3397,882570	-3119,509810	7,898494	962,479818	30,678431	28,340453	31,153297	29,592103	30,279596	-2,903711	1,083610	0,865470	217650,853656	34,806332	0,010587	-0,017696	0,000000	2,048646	-0,124280	-0,124287	14,033513	0,054811	6,289313	1,807103
52,600000	6,862888	6,878424	5,011381	0,166088	6,799477	-5919,726689	3397,654184	-3119,681532	7,900832	960,493425	30,673314	28,340359	31,154649	29,587502	30,285270	-2,903613	1,085048	0,866340	217667,081066	34,802523	0,010575	-0,017677	0,000000	2,048839	-0,124285	-0,124292	14,017114	0,054587	6,265898	1,804971
52,800000	6,861721	6,876670	5,028513	0,166061	6,795403	-6109,400495	3397,600183	-3119,824665	7,903113	958,751017	30,673667	28,341794	31,147597	29,584728	30,290268	-2,903514	1,085930	0,867908	217667,247261	34,796867	0,010598	-0,017678	0,000000	2,048737	-0,124292	-0,124293	14,002651	0,054458	6,245484	1,803099
53,000000	6,860259	6,875021	5,016008	0,166009	6,804028	-6303,828355	3397,643271	-3119,790914	7,905347	958,527087	30,679165	28,340807	31,134829	29,588088	30,288561	-2,903568	1,086039	0,867444	217677,308156	34,790717	0,010693	-0,017631	0,000000	2,048673	-0,124292	-0,124292	14,000517	0,054715	6,255838	1,802858
53,200000	6,858438	6,873774	5,007719	0,166682	6,802699	-6203,275136	3397,808828	-3119,688805	7,907777	959,745004	30,685776	28,339932	31,125041	29,592121	30,281896	-2,903763	1,086974	0,866371	217715,476328	34,786288	0,010691	-0,017541	0,000000	2,048638	-0,124291	-0,124298	14,009978	0,055457	6,262504	1,804167
53,400000	6,856676	6,872349	5,010737	0,167099	6,793338	-5874,806485	3398,117962	-3119,541975	7,909894	961,158576	30,688365	28,343001	31,120662	29,591905	30,279591	-2,903901	1,089200	0,865830	217750,235141	34,782909	0,010779	-0,017240	0,000000	2,048376	-0,124297	-0,124302	14,021309	0,055960	6,257472	1,805685
53,600000	6,855318	6,870610	5,014995	0,166218	6,801866	-5681,257924	3398,335594	-3119,346284	7,911575	960,533124	30,685032	28,345422	31,124438	29,589383	30,284740	-2,903839	1,090163	0,866091	217720,239103	34,779843	0,010889	-0,017071	0,000000	2,047811	-0,124302	-0,124292	14,016226	0,055807	6,251149	1,805013
53,800000	6,854127	6,868818	5,013972	0,164870	6,822201	-5829,947020	3398,280304	-3119,289428	7,913454	959,112282	30,679653	28,343712	31,137966	29,588737	30,290989	-2,903699	1,088252	0,866047	217617,787307	34,777068	0,010721	-0,017381	0,000000	2,047146	-0,124301	-0,124283	14,004712	0,055423	6,250576	1,803487
54,000000	6,852501	6,867238	5,007821	0,164366	6,821199	-6089,167182	3398,022584	-3119,413041	7,915517	957,826696	30,675190	28,341035	31,149797	29,592090	30,291888	-2,903554	1,086645	0,865848	217557,969028	34,773173	0,010566	-0,017844	0,000000	2,047132	-0,124295	-0,124287	13,994035	0,055327	6,255301	1,802105
54,200000	6,850722	6,865889	5,002506	0,164542	6,796447	-6065,940339	3397,804034	-3119,547891	7,917468	956,774096	30,671976	28,339959	31,154750	29,596801	30,288261	-2,903409	1,085954	0,866125	217605,405376	34,767707	0,010756	-0,018060	0,000000	2,048247	-0,124288	-0,124294	13,984927	0,055611	6,258949	1,800974
54,400000	6,849127	6,864495	4,998059	0,165188	6,783863	-5711,500602	3397,722072	-3119,647394	7,919562	957,529287	30,671291	28,340425	31,154285	29,598327	30,282691	-2,903403	1,086026	0,866088	217646,020293	34,762207	0,010875	-0,017900	0,000000	2,049525	-0,124281	-0,124297	13,991070	0,055800	6,261495	1,801786
54,600000	6,847433	6,862639	5,005937	0,166330	6,796729	-5411,279245	3397,754415	-3119,756062	7,921834	958,889649	30,672935	28,341185	31,148766	29,593459	30,278404	-2,903460	1,086477	0,864865	217628,446542	34,756815	0,010551	-0,017586	0,000000	2,049896	-0,124285	-0,124298	14,002540	0,055730	6,250633	1,803248
54,800000	6,845700	6,860551	5,010731	0,166618	6,806671	-5469,510312	3397,758365	-3119,802621	7,923975	959,238625	30,674944	28,340600	31,143989	29,584436	30,279844	-2,903536	1,084933	0,864939	217621,037807	34,751367	0,010436	-0,017365	0,000000	2,049212	-0,124294	-0,124295	14,005576	0,055617	6,242892	1,803623
55,000000	6,844242	6,859175	5,004167	0,165478	6,795584	-5664,983114	3397,706418	-3119,707375	7,926092	958,208788	30,676195	28,338487	31,138852	29,579445	30,285215	-2,903770	1,082513	0,867471	217636,593924	34,747305	0,010821	-0,017245	0,000000	2,047894	-0,124299	-0,124294	13,997035	0,055531	6,247907	1,802516
55,200000	6,843292	6,858020	5,005586	0,164167	6,781359	-5733,509809	3397,800918	-3119,528710	7,928303	956,871219	30,678262	28,338178	31,129809	29,584338	30,289367	-2,903898	1,082711	0,868495	217654,406419	34,744236	0,011139	-0,017304	0,000000	2,046759	-0,124298	-0,124297	13,985866	0,055486	6,244833	1,801078
55,400000	6,842169	6,856294	5,006080	0,163971	6,781439	-5662,016182	3397,952048	-3119,348771	7,930324	957,456683	30,679971	28,340827	31,127467	29,593729	30,289411	-2,903774	1,084766	0,867017	217695,709353	34,740502	0,011164	-0,017622	0,000000	2,046539	-0,124296	-0,124297	13,990829	0,055432	6,242174	1,801708
55,600000	6,840206	6,854663	5,000905	0,164922	6,788647	-5497,235434	3397,960476	-3119,362120	7,932166	958,824459	30,676336	28,342436	31,140119	29,598577	30,285231	-2,903654	1,084316	0,865337	217732,446889	34,735747	0,011002	-0,017851	0,000000	2,047635	-0,124292	-0,124296	14,002267	0,055456	6,245611	1,803178
