LabVIEW Measurement	
Writer_Version	2
Reader_Version	2
Separator	Tab
Decimal_Separator	,
Multi_Headings	No
X_Columns	One
Time_Pref	Absolute
Operator	Pos-Oscar
Date	2025/03/10
Time	11:17:54,1237699700584659684
***End_of_Header***	
	
Channels	30																														
Samples	1	1	1	1	1	1	1	1	1	1	1	1	1	1	1	1	1	1	1	1	1	1	1	1	1	1	1	1	1	1	
Date	2025/03/10	2025/03/10	2025/03/10	2025/03/10	2025/03/10	2025/03/10	2025/03/10	2025/03/10	2025/03/10	2025/03/10	2025/03/10	2025/03/10	2025/03/10	2025/03/10	2025/03/10	2025/03/10	2025/03/10	2025/03/10	2025/03/10	2025/03/10	2025/03/10	2025/03/10	2025/03/10	2025/03/10	2025/03/10	2025/03/10	2025/03/10	2025/03/10	2025/03/10	2025/03/10	
Time	15:48:34,9239570906902430279	15:48:34,9239633279903558714	15:48:34,9237824446572689039	15:48:34,9238136313906637652	15:48:34,92384481835688927	15:48:34,9238884796905098183	15:48:34,9238572929571149571	15:48:34,9238822423903969748	15:48:34,9238323435238329394	15:48:34,9238884796905098183	15:48:34,9238635302572278006	15:48:34,9238572929571149571	15:48:34,9238760050902841313	15:48:34,9239071918236789925	15:48:34,9239383785570738537	15:48:34,9238697675573406441	15:48:34,9237699700570432169	15:48:34,9237762073571560604	15:48:34,9238884796905098183	15:48:34,9237699700570432169	15:48:34,9237762073571560604	15:48:34,9237824446572689039	15:48:34,9237824446572689039	15:48:34,9237886819573817474	15:48:34,9237949194903252346	15:48:34,9238011567904380781	15:48:34,9238323435238329394	15:48:34,9238385808239457829	15:48:34,9238385808239457829	15:48:34,9238385808239457829	
Y_Unit_Label	Volts	Volts	Volts	Volts	Volts	Volts	Volts	Volts	Volts	Volts	Volts	Volts	Volts	Volts	Volts	Volts	Volts	Volts	Volts	Volts	Volts	Volts	Volts	Volts	Volts	Volts	Volts	Volts	Volts	Volts	
X_Dimension	Time	Time	Time	Time	Time	Time	Time	Time	Time	Time	Time	Time	Time	Time	Time	Time	Time	Time	Time	Time	Time	Time	Time	Time	Time	Time	Time	Time	Time	Time	
X0	0,0000000000000000E+0	0,0000000000000000E+0	0,0000000000000000E+0	0,0000000000000000E+0	0,0000000000000000E+0	0,0000000000000000E+0	0,0000000000000000E+0	0,0000000000000000E+0	0,0000000000000000E+0	0,0000000000000000E+0	0,0000000000000000E+0	0,0000000000000000E+0	0,0000000000000000E+0	0,0000000000000000E+0	0,0000000000000000E+0	0,0000000000000000E+0	0,0000000000000000E+0	0,0000000000000000E+0	0,0000000000000000E+0	0,0000000000000000E+0	0,0000000000000000E+0	0,0000000000000000E+0	0,0000000000000000E+0	0,0000000000000000E+0	0,0000000000000000E+0	0,0000000000000000E+0	0,0000000000000000E+0	0,0000000000000000E+0	0,0000000000000000E+0	0,0000000000000000E+0	
Delta_X	0,200000	0,200000	0,200000	0,200000	0,200000	0,200000	0,200000	0,200000	0,200000	0,200000	0,200000	0,200000	0,200000	0,200000	0,200000	0,200000	0,200000	0,200000	0,200000	0,200000	0,200000	0,200000	0,200000	0,200000	0,200000	0,200000	0,200000	0,200000	0,200000	0,200000	
***End_of_Header***																															
X_Value	PIT-A-0101	PIT-A-0301	PIT-M-0101	PIT-O-0301	PIT-W-0301	PDT-M-0101-40kPa	PDT-M-0101B-10kPa	PDT-M-0101C-3kPa	PIT-A-AUX	Model Pressure Drop	TIT-A-0101	TIT-A-0301	TIT-M-0101	TIT-O-0301	TIT-W-0301	LV-O-0X01	LV-W-0X01	LV-M-0X01	Densitometro	FT-A-0301	FT-A-0302	FT-A-0303	FT-A-0303 1	FT-O-0301	FT-O-0302	FT-O-0303	FT-W-0301	FT-W-0302	J Ar	J Água	Comment
0,000000	8,071268	8,081356	6,282187	0,406379	8,455736	-6284,120866	908,172347	-2989,372521	8,081607	934,120214	31,738976	29,398096	31,144596	28,910638	32,935560	-2,662777	1,210741	1,063551	212330,551164	41,842835	0,008680	-0,025337	0,000000	2,045593	-0,124313	-0,124321	13,857621	-0,008025	7,140275	1,776481
0,200000	8,066235	8,077376	6,289082	0,406573	8,455826	-6214,197621	908,472556	-2989,492929	8,080075	935,183002	31,737211	29,399094	31,149989	28,910152	32,932867	-2,662585	1,210489	1,065120	212571,990505	42,079197	0,008392	-0,025284	0,000000	2,045834	-0,124310	-0,124319	13,866283	-0,007685	7,170759	1,777636
0,400000	8,061278	8,072304	6,267314	0,407042	8,446313	-6416,326409	907,622281	-2989,574878	8,078386	937,374322	31,733301	29,396230	31,151368	28,908877	32,931600	-2,662787	1,209180	1,065158	212856,776799	42,241315	0,008156	-0,025392	0,000000	2,046144	-0,124312	-0,124316	13,884932	-0,007787	7,216044	1,780015
0,600000	8,056593	8,067208	6,264900	0,407002	8,431954	-6466,093137	906,679106	-2989,585798	8,076839	938,779103	31,732353	29,392540	31,147684	28,903741	32,933266	-2,663024	1,208465	1,063507	213101,647204	42,333870	0,008157	-0,025396	0,000000	2,046229	-0,124316	-0,124315	13,897545	-0,008520	7,230192	1,781539
0,800000	8,051894	8,062806	6,280534	0,405826	8,427424	-6126,387039	906,903145	-2989,585730	8,075440	938,798509	31,734834	29,393128	31,141394	28,899984	32,936288	-2,663047	1,208183	1,064168	213275,872387	42,371594	0,008102	-0,025374	0,000000	2,046181	-0,124318	-0,124316	13,898554	-0,009365	7,217389	1,781560
1,000000	8,046914	8,058094	6,278188	0,405079	8,443537	-5961,826817	907,714867	-2989,623829	8,074009	938,511025	31,736488	29,395626	31,134839	28,903252	32,936709	-2,663007	1,207350	1,064790	213388,680468	42,379814	0,008024	-0,025579	0,000000	2,046041	-0,124317	-0,124317	13,896457	-0,009698	7,217137	1,781248
1,200000	8,041796	8,052998	6,268637	0,405813	8,446798	-6188,542557	907,997855	-2989,581445	8,072524	938,414755	31,734145	29,396096	31,133999	28,910042	32,934274	-2,663028	1,206457	1,062995	213579,544258	42,381387	0,008162	-0,025735	0,000000	2,046031	-0,124316	-0,124318	13,895484	-0,009540	7,222800	1,781144
1,400000	8,036926	8,048273	6,261444	0,406794	8,421213	-6341,710382	907,553744	-2989,432348	8,071006	938,438203	31,730434	29,395476	31,137215	28,913423	32,933740	-2,663029	1,207571	1,063487	213997,624664	42,385312	0,008428	-0,025553	0,000000	2,046570	-0,124317	-0,124319	13,895536	-0,009393	7,226946	1,781169
1,600000	8,032704	8,043640	6,245406	0,406935	8,406000	-6461,594073	906,826295	-2989,461158	8,069265	938,448833	31,727847	29,395340	31,133818	28,910410	32,936491	-2,663148	1,208097	1,065350	214299,663575	42,391305	0,008465	-0,025212	0,000000	2,047192	-0,124318	-0,124319	13,895745	-0,009512	7,240199	1,781181
1,800000	8,028435	8,038051	6,227327	0,406299	8,406696	-6674,807158	906,553739	-2989,702691	8,067569	938,456882	31,727130	29,396379	31,127724	28,904320	32,937887	-2,663345	1,205324	1,064448	214395,294704	42,396986	0,008358	-0,025105	0,000000	2,047025	-0,124318	-0,124318	13,895812	-0,009512	7,254645	1,781190
2,000000	8,023288	8,032964	6,234831	0,405903	8,389722	-6624,614585	906,868936	-2989,825862	8,066236	939,374840	31,728778	29,397395	31,132584	28,900884	32,934732	-2,663215	1,202323	1,063837	214522,570649	42,402439	0,008470	-0,025311	0,000000	2,046252	-0,124317	-0,124318	13,903213	-0,009153	7,244044	1,782185
2,200000	8,017864	8,029453	6,238204	0,405978	8,380348	-6422,604402	907,214431	-2989,726262	8,065015	941,489250	31,730065	29,396925	31,136888	28,901921	32,928732	-2,663103	1,202119	1,065700	214737,896008	42,408407	0,008629	-0,025517	0,000000	2,045508	-0,124313	-0,124320	13,920770	-0,008847	7,238976	1,784476
2,400000	8,012987	8,025064	6,223616	0,405877	8,402460	-6464,117634	907,440464	-2989,522880	8,063513	942,968431	31,730080	29,396406	31,129816	28,905259	32,926076	-2,663291	1,203481	1,066792	215017,747439	42,411402	0,008597	-0,025630	0,000000	2,045363	-0,124310	-0,124318	13,933225	-0,008817	7,250440	1,786078
2,600000	8,008511	8,019503	6,228165	0,405982	8,401978	-6578,926820	907,725383	-2989,479280	8,061805	943,079581	31,730273	29,397715	31,125958	28,906840	32,928956	-2,663305	1,203069	1,065533	215236,106642	42,409611	0,008446	-0,025569	0,000000	2,046013	-0,124311	-0,124317	13,934390	-0,009044	7,240963	1,786198
2,800000	8,003836	8,015097	6,231410	0,406302	8,378001	-6520,784574	907,957446	-2989,637616	8,060302	942,812910	31,728430	29,399970	31,131133	28,904391	32,932878	-2,663124	1,202793	1,064077	215357,239633	42,407943	0,008378	-0,025418	0,000000	2,046669	-0,124318	-0,124315	13,932382	-0,009285	7,233951	1,785909
3,000000	7,999059	8,011133	6,219923	0,405679	8,382791	-6614,690742	907,363024	-2989,788052	8,058957	943,594454	31,724710	29,399812	31,135332	28,902914	32,934824	-2,663060	1,204510	1,063404	215427,047218	42,409172	0,008478	-0,025388	0,000000	2,046417	-0,124323	-0,124310	13,938828	-0,009138	7,242602	1,786755
3,200000	7,994450	8,005578	6,223141	0,404954	8,387031	-6951,769610	906,217372	-2989,842253	8,057509	944,824494	31,722565	29,396992	31,131421	28,906165	32,933845	-2,663247	1,205098	1,063711	215584,963703	42,409586	0,008618	-0,025359	0,000000	2,045738	-0,124322	-0,124313	13,949021	-0,008958	7,234943	1,788086
3,400000	7,989761	7,999622	6,236189	0,405461	8,364112	-7036,673017	906,058204	-2989,764676	8,055965	945,123721	31,724082	29,395222	31,121981	28,909306	32,931341	-2,663527	1,204098	1,066211	215907,652664	42,408332	0,008678	-0,025300	0,000000	2,045575	-0,124320	-0,124320	13,951525	-0,008940	7,216690	1,788409
3,600000	7,984877	7,994897	6,226535	0,406190	8,362858	-6886,858633	906,773926	-2989,696482	8,054358	945,907683	31,728732	29,395930	31,115678	28,908876	32,929903	-2,663678	1,204098	1,066723	216216,040777	42,409665	0,008571	-0,025287	0,000000	2,046206	-0,124322	-0,124319	13,957872	-0,008679	7,222602	1,789257
3,800000	7,979765	7,990497	6,205222	0,406100	8,377693	-6834,745258	907,070918	-2989,733924	8,052778	947,054067	31,730836	29,396930	31,115161	28,905921	32,927944	-2,663742	1,204706	1,064551	216384,543357	42,412667	0,008405	-0,025401	0,000000	2,046724	-0,124323	-0,124315	13,967144	-0,008293	7,240927	1,790496
4,000000	7,974935	7,986325	6,205846	0,405359	8,361140	-6686,349988	906,637712	-2989,788999	8,051544	948,190990	31,726842	29,396569	31,117271	28,901798	32,928338	-2,663710	1,202945	1,063607	216395,275815	42,412843	0,008399	-0,025678	0,000000	2,046177	-0,124320	-0,124311	13,976745	-0,008321	7,237022	1,791724
4,200000	7,970832	7,982311	6,208086	0,404853	8,352796	-6424,805378	906,357209	-2989,714523	8,050396	949,220262	31,721267	29,396487	31,122212	28,900240	32,935016	-2,663555	1,201025	1,063603	216448,093337	42,409542	0,008495	-0,025862	0,000000	2,045420	-0,124314	-0,124312	13,985895	-0,008808	7,231089	1,792835
4,400000	7,966671	7,977330	6,196367	0,405083	8,376152	-6375,278450	906,361254	-2989,540730	8,048756	948,491221	31,719853	29,397012	31,124875	28,903945	32,939792	-2,663335	1,202034	1,063601	216662,642341	42,404040	0,008594	-0,025755	0,000000	2,045242	-0,124312	-0,124316	13,979978	-0,009027	7,237972	1,792048
4,600000	7,962059	7,972142	6,200516	0,405694	8,367749	-6341,047557	906,138249	-2989,530004	8,047069	947,164450	31,723301	29,396660	31,118718	28,908356	32,936780	-2,663309	1,203717	1,063612	216828,852851	42,399062	0,008590	-0,025481	0,000000	2,045648	-0,124316	-0,124316	13,968583	-0,008802	7,228616	1,790615
4,800000	7,957484	7,967486	6,214970	0,406122	8,337300	-6223,505009	906,060048	-2989,637030	8,045795	946,844454	31,727236	29,396445	31,112826	28,908448	32,931384	-2,663454	1,205254	1,064596	216877,404826	42,397402	0,008353	-0,025340	0,000000	2,046267	-0,124317	-0,124311	13,965531	-0,008445	7,209939	1,790269
5,000000	7,952931	7,963110	6,195148	0,406146	8,344583	-6375,576439	906,350400	-2989,761041	8,044592	946,136330	31,726770	29,397569	31,114753	28,905575	32,928344	-2,663402	1,206920	1,064920	216889,867742	42,397608	0,008257	-0,025344	0,000000	2,046488	-0,124314	-0,124310	13,959217	-0,008097	7,226355	1,789504
5,200000	7,948381	7,958702	6,175961	0,405955	8,352591	-6497,742454	906,465319	-2989,891510	8,043132	945,044906	31,722002	29,397986	31,119039	28,902922	32,928323	-2,663397	1,207616	1,062548	216974,979597	42,395169	0,008473	-0,025366	0,000000	2,046531	-0,124314	-0,124312	13,950064	-0,008143	7,241815	1,788324
5,400000	7,943995	7,953850	6,196513	0,406051	8,332129	-6169,237154	906,091750	-2989,932247	8,041510	945,647031	31,718645	29,394988	31,119825	28,901112	32,930771	-2,663621	1,207203	1,061860	217178,801841	42,389562	0,008616	-0,025390	0,000000	2,046339	-0,124317	-0,124317	13,955336	-0,008339	7,216316	1,788975
5,600000	7,939470	7,949123	6,199827	0,405983	8,342012	-5855,409978	906,066496	-2989,861493	8,039933	947,004792	31,720815	29,392596	31,119039	28,899715	32,933666	-2,663745	1,207046	1,062947	217335,073077	42,384831	0,008601	-0,025331	0,000000	2,045873	-0,124318	-0,124317	13,966493	-0,008057	7,208408	1,790442
5,800000	7,934694	7,945009	6,187553	0,405087	8,368840	-5998,533931	906,809853	-2989,723986	8,038430	948,321248	31,724377	29,395324	31,119085	28,901815	32,933204	-2,663704	1,207242	1,062427	217363,870167	42,381220	0,008598	-0,025318	0,000000	2,045755	-0,124313	-0,124313	13,977001	-0,007480	7,216731	1,791864
6,000000	7,930043	7,940769	6,202895	0,404676	8,344828	-6349,779094	907,305112	-2989,676490	8,037068	950,317202	31,723142	29,398694	31,118899	28,907614	32,928900	-2,663639	1,205615	1,061189	217372,167204	42,375622	0,008682	-0,025356	0,000000	2,045962	-0,124311	-0,124314	13,993534	-0,007220	7,196876	1,794018
6,200000	7,925704	7,936078	6,208576	0,405445	8,318027	-6588,043684	906,990878	-2989,767794	8,035751	950,770347	31,718412	29,397645	31,120261	28,909345	32,926517	-2,663463	1,203228	1,061809	217445,968816	42,367626	0,008669	-0,025297	0,000000	2,046156	-0,124314	-0,124321	13,997586	-0,007461	7,186116	1,794507
6,400000	7,921530	7,932098	6,182398	0,405880	8,338079	-6653,938309	906,340001	-2989,859041	8,034326	948,742217	31,715383	29,394925	31,119499	28,904164	32,930058	-2,663165	1,202212	1,063881	217579,671013	42,360100	0,008483	-0,025252	0,000000	2,046312	-0,124318	-0,124320	13,981011	-0,007947	7,207900	1,792319
6,600000	7,917143	7,928227	6,171003	0,405202	8,342817	-6597,064807	906,171394	-2989,884392	8,032759	947,900117	31,715325	29,395472	31,115106	28,899141	32,934249	-2,663091	1,202342	1,064367	217643,100794	42,354175	0,008429	-0,025287	0,000000	2,046414	-0,124317	-0,124313	13,974093	-0,008117	7,215109	1,791409
6,800000	7,912336	7,923211	6,182703	0,404844	8,318838	-6422,253419	906,562858	-2989,816228	8,031186	949,776793	31,717223	29,397986	31,115092	28,899164	32,931993	-2,663248	1,202723	1,064705	217624,771169	42,346455	0,008619	-0,025279	0,000000	2,046263	-0,124315	-0,124311	13,989616	-0,007847	7,197906	1,793435
7,000000	7,907666	7,918780	6,191673	0,405365	8,325755	-6197,498619	906,826625	-2989,633944	8,029779	951,511162	31,719155	29,397726	31,118224	28,901821	32,927671	-2,663306	1,203062	1,065202	217667,085306	42,337315	0,008728	-0,025188	0,000000	2,045964	-0,124315	-0,124314	14,004125	-0,007772	7,183866	1,795306
7,200000	7,903417	7,914928	6,187918	0,405571	8,347419	-6142,685531	906,742511	-2989,473142	8,028304	952,643289	31,719234	29,395958	31,113736	28,904386	32,928653	-2,663406	1,204352	1,064058	217746,215830	42,330619	0,008618	-0,025194	0,000000	2,046083	-0,124315	-0,124318	14,013863	-0,007997	7,183313	1,796526
7,400000	7,899155	7,910521	6,173019	0,405016	8,334496	-6195,630960	906,460491	-2989,513133	8,026721	953,583660	31,718224	29,396285	31,105850	28,905803	32,934073	-2,663722	1,204384	1,061170	217771,907332	42,323006	0,008562	-0,025264	0,000000	2,046677	-0,124317	-0,124321	14,022038	-0,008273	7,193202	1,797539
7,600000	7,894846	7,905892	6,171064	0,404369	8,315032	-6083,978936	906,147324	-2989,713206	8,025367	952,801340	31,716815	29,396264	31,109530	28,904562	32,939392	-2,663800	1,201974	1,060950	217819,785665	42,311672	0,008542	-0,025213	0,000000	2,046986	-0,124322	-0,124318	14,015735	-0,008541	7,189583	1,796697
7,800000	7,890472	7,900594	6,179275	0,404182	8,320171	-5947,796706	905,745326	-2989,884638	8,024144	951,436925	31,714069	29,394215	31,118936	28,901375	32,939555	-2,663518	1,201362	1,063856	218007,180518	42,301565	0,008404	-0,025235	0,000000	2,046415	-0,124324	-0,124313	14,004388	-0,008659	7,175626	1,795226
8,000000	7,885871	7,895712	6,177931	0,403902	8,318859	-6028,335075	905,635999	-2989,884814	8,022688	951,095996	31,712950	29,392761	31,118443	28,900399	32,933282	-2,663443	1,203316	1,063309	218229,980979	42,294675	0,008570	-0,025375	0,000000	2,045566	-0,124318	-0,124311	14,001429	-0,008566	7,171883	1,794858
8,200000	7,881604	7,892568	6,168142	0,403790	8,304430	-6147,296432	905,989104	-2989,748736	8,021102	951,242198	31,717466	29,393899	31,110383	28,902065	32,927123	-2,663652	1,205004	1,062156	218436,640056	42,288234	0,008945	-0,025459	0,000000	2,045430	-0,124317	-0,124314	14,002558	-0,008466	7,177834	1,795016
8,400000	7,877664	7,889024	6,166423	0,404576	8,307888	-6277,075449	906,512472	-2989,708631	8,019477	951,346604	31,721560	29,397300	31,107474	28,901340	32,926966	-2,663755	1,205861	1,063147	218702,730139	42,279143	0,008899	-0,025507	0,000000	2,045818	-0,124321	-0,124319	14,003554	-0,008584	7,174996	1,795129
8,600000	7,873113	7,883911	6,160800	0,404892	8,318368	-6484,174540	906,730125	-2989,769907	8,017840	951,343675	31,718207	29,399173	31,113855	28,897208	32,929607	-2,663713	1,206497	1,063374	218896,770105	42,266153	0,008498	-0,025485	0,000000	2,046324	-0,124323	-0,124318	14,003701	-0,008756	7,174405	1,795125
8,800000	7,868414	7,879649	6,152363	0,404347	8,311696	-6513,335314	906,067160	-2989,756358	8,016408	951,348068	31,711249	29,397425	31,120080	28,895433	32,930958	-2,663616	1,205164	1,062161	218982,904749	42,252460	0,008177	-0,025378	0,000000	2,046728	-0,124322	-0,124312	14,003560	-0,008578	7,177294	1,795130
9,000000	7,864326	7,875847	6,159079	0,404594	8,305721	-6425,257607	905,213018	-2989,786532	8,015175	951,392679	31,707774	29,394746	31,119609	28,899922	32,931892	-2,663468	1,202526	1,061021	219066,769787	42,240921	0,008263	-0,025322	0,000000	2,046566	-0,124319	-0,124309	14,003480	-0,008123	7,165569	1,795178
9,200000	7,860134	7,871082	6,141053	0,405444	8,309743	-6466,694065	905,137133	-2989,914313	8,013808	951,414126	31,709615	29,393503	31,116562	28,905698	32,933290	-2,663530	1,202568	1,061596	219207,046551	42,228773	0,008454	-0,025499	0,000000	2,046184	-0,124316	-0,124312	14,003477	-0,007940	7,177714	1,795201
9,400000	7,855672	7,867010	6,129339	0,405479	8,301981	-6467,734700	905,363979	-2989,947193	8,012254	951,418295	31,714696	29,394196	31,112018	28,906193	32,931232	-2,663677	1,204528	1,062979	219367,944507	42,214634	0,008380	-0,025698	0,000000	2,046481	-0,124317	-0,124316	14,003492	-0,007920	7,183689	1,795206
9,600000	7,851225	7,862894	6,160626	0,404879	8,289797	-6331,833104	905,253191	-2989,945670	8,010754	951,435785	31,718310	29,395642	31,104785	28,902089	32,924981	-2,663606	1,205266	1,063499	219395,540275	42,201550	0,008225	-0,025524	0,000000	2,047077	-0,124325	-0,124316	14,003498	-0,007779	7,146498	1,795225
9,800000	7,846617	7,857745	6,170658	0,404600	8,293515	-6412,614867	905,216645	-2990,023031	8,009268	952,313675	31,716437	29,395785	31,103878	28,898395	32,922824	-2,663532	1,205034	1,063168	219281,186564	42,189427	0,008237	-0,025193	0,000000	2,046779	-0,124327	-0,124315	14,010915	-0,007818	7,130254	1,796171
10,000000	7,842221	7,853786	6,152271	0,404978	8,294206	-6705,025052	905,496573	-2990,067697	8,007868	954,383504	31,712401	29,395375	31,112516	28,897848	32,928482	-2,663591	1,205628	1,063059	219165,152508	42,177490	0,008527	-0,025306	0,000000	2,046010	-0,124321	-0,124316	14,028489	-0,008008	7,143607	1,798401
10,200000	7,838479	7,850370	6,158566	0,405445	8,284328	-6774,211047	905,554898	-2990,004958	8,006562	955,868938	31,710254	29,395087	31,114492	28,899515	32,936806	-2,663742	1,206790	1,061613	219105,468371	42,166511	0,008865	-0,025680	0,000000	2,045683	-0,124317	-0,124318	14,040948	-0,008002	7,132752	1,800000
10,400000	7,834785	7,845342	6,162519	0,405045	8,288442	-6777,083204	905,182059	-2989,962814	8,005112	956,053244	31,710156	29,393952	31,106637	28,901674	32,940255	-2,663903	1,206477	1,061037	219058,993294	42,153647	0,008890	-0,025663	0,000000	2,045883	-0,124318	-0,124317	14,042111	-0,007618	7,122417	1,800198
10,600000	7,830142	7,840884	6,127876	0,404188	8,297302	-6933,762908	905,127031	-2990,012866	8,003493	954,984571	31,710499	29,394548	31,103495	28,902834	32,935802	-2,663975	1,205753	1,061593	219068,175746	42,138721	0,008559	-0,025439	0,000000	2,046430	-0,124320	-0,124314	14,032683	-0,007157	7,150855	1,799048
10,800000	7,825234	7,837928	6,119207	0,404052	8,281192	-6922,496135	905,233129	-2990,099117	8,001901	952,779629	31,708008	29,396079	31,108442	28,903673	32,928242	-2,663986	1,205564	1,061725	219230,646765	42,125427	0,008391	-0,025293	0,000000	2,046719	-0,124322	-0,124315	14,014137	-0,007125	7,155001	1,796673
11,000000	7,821114	7,833823	6,138815	0,404635	8,259072	-6774,105576	904,723107	-2990,186310	8,000409	951,279980	31,702967	29,395163	31,114744	28,902689	32,923841	-2,664117	1,205153	1,061723	219461,909333	42,111652	0,008639	-0,025143	0,000000	2,046585	-0,124320	-0,124320	14,001713	-0,007303	7,129835	1,795057
11,200000	7,817287	7,828676	6,125791	0,404767	8,260155	-6754,326818	904,260575	-2990,205100	7,998869	952,039601	31,700186	29,394383	31,116059	28,897264	32,924196	-2,664240	1,206485	1,062333	219577,743234	42,095874	0,008791	-0,025166	0,000000	2,046549	-0,124317	-0,124321	14,008171	-0,007376	7,136093	1,795876
11,400000	7,813160	7,824525	6,111485	0,403943	8,257491	-6746,272838	904,367098	-2990,152869	7,997377	953,469904	31,703273	29,394842	31,111926	28,893084	32,927106	-2,664163	1,207641	1,065083	219562,131255	42,082085	0,008625	-0,025374	0,000000	2,046720	-0,124319	-0,124319	14,020407	-0,007597	7,144652	1,797417
11,600000	7,808770	7,820599	6,119989	0,402923	8,237047	-6625,942600	904,652696	-2990,119081	7,995912	952,939377	31,708473	29,394575	31,107062	28,894629	32,928900	-2,664132	1,207624	1,066083	219453,642854	42,071306	0,008569	-0,025482	0,000000	2,046446	-0,124321	-0,124320	14,016247	-0,007893	7,130987	1,796845
11,800000	7,804426	7,815779	6,115006	0,402531	8,238698	-6436,173800	904,669727	-2990,073371	7,994394	951,589820	31,708745	29,394091	31,104995	28,900031	32,927595	-2,664152	1,209198	1,063160	219350,465156	42,060411	0,008756	-0,025564	0,000000	2,045750	-0,124317	-0,124321	14,004896	-0,007882	7,130197	1,795391
12,000000	7,800220	7,811207	6,109689	0,403123	8,252604	-6350,117206	904,495565	-2989,991976	7,992820	951,189879	31,704221	29,393593	31,106333	28,905024	32,928430	-2,664080	1,211241	1,060466	219399,757894	42,047577	0,008734	-0,025771	0,000000	2,045737	-0,124313	-0,124320	14,001517	-0,007864	7,129697	1,794960
12,200000	7,795995	7,807049	6,122121	0,403998	8,243265	-6465,651955	904,530303	-2990,055481	7,991243	951,261833	31,700403	29,393144	31,108394	28,904499	32,933130	-2,663997	1,210588	1,061518	219514,255378	42,035060	0,008500	-0,025890	0,000000	2,046324	-0,124317	-0,124318	14,002490	-0,008233	7,111807	1,795037
12,400000	7,791690	7,803338	6,112491	0,404321	8,234562	-6627,993127	904,715034	-2990,285551	7,989962	951,352109	31,699751	29,394201	31,108170	28,900504	32,934832	-2,664002	1,206555	1,062216	219568,717566	42,023854	0,008444	-0,025825	0,000000	2,046516	-0,124323	-0,124319	14,003512	-0,008496	7,116517	1,795134
12,600000	7,787411	7,799909	6,087360	0,404003	8,239560	-6902,709997	904,919091	-2990,390884	7,988765	951,410490	31,699963	29,395617	31,108523	28,898095	32,931652	-2,664037	1,202476	1,061962	219562,095583	42,011712	0,008517	-0,025682	0,000000	2,046305	-0,124322	-0,124320	14,003699	-0,008192	7,136918	1,795197
12,800000	7,783303	7,795167	6,079491	0,403998	8,229822	-7206,632169	905,080546	-2990,270237	7,987332	951,452333	31,699783	29,395610	31,109672	28,897684	32,926709	-2,664164	1,200147	1,062615	219533,474766	41,997829	0,008539	-0,025455	0,000000	2,046051	-0,124318	-0,124315	14,003568	-0,007709	7,138674	1,795243
13,000000	7,779436	7,790635	6,076951	0,404484	8,209483	-7151,161311	905,179236	-2990,088944	7,985813	951,443252	31,700279	29,395236	31,105223	28,898125	32,923269	-2,664526	1,199875	1,061906	219515,719833	41,982869	0,008622	-0,025325	0,000000	2,045892	-0,124314	-0,124313	14,003483	-0,007701	7,134913	1,795233
13,200000	7,775473	7,787289	6,070859	0,404641	8,209818	-6952,516328	905,108371	-2990,107239	7,984365	952,268913	31,701541	29,396299	31,100498	28,898689	32,923443	-2,664666	1,201518	1,063101	219518,546423	41,969184	0,008754	-0,025425	0,000000	2,046082	-0,124313	-0,124317	14,010894	-0,008173	7,135881	1,796123
13,400000	7,771161	7,782819	6,075553	0,404492	8,218133	-7005,272153	905,031919	-2990,328708	7,982918	953,439178	31,700646	29,398027	31,104550	28,897095	32,925952	-2,664488	1,201733	1,064330	219530,192848	41,956956	0,008703	-0,025530	0,000000	2,046415	-0,124315	-0,124319	14,021067	-0,008515	7,125482	1,797384
13,600000	7,766963	7,778050	6,094181	0,403850	8,203044	-7138,587619	904,458886	-2990,455009	7,981332	952,828058	31,695564	29,397183	31,111564	28,894435	32,927378	-2,664454	1,200698	1,061128	219517,640340	41,943687	0,008523	-0,025596	0,000000	2,046419	-0,124319	-0,124317	14,015958	-0,008539	7,100814	1,796725
13,800000	7,762980	7,774522	6,100790	0,403401	8,197130	-7093,446915	903,255097	-2990,391840	7,979729	951,494936	31,691689	29,393428	31,111498	28,895491	32,926267	-2,664501	1,201966	1,060482	219474,510803	41,930209	0,008511	-0,025667	0,000000	2,046200	-0,124319	-0,124317	14,004660	-0,008444	7,089146	1,795288
14,000000	7,758880	7,770521	6,097384	0,403808	8,222234	-7046,785712	903,012796	-2990,272699	7,978340	951,132959	31,693646	29,392088	31,104228	28,899080	32,924556	-2,664435	1,204926	1,063325	219425,159541	41,917198	0,008644	-0,025626	0,000000	2,045941	-0,124316	-0,124318	14,001486	-0,008312	7,086973	1,794898
14,200000	7,754645	7,765997	6,090871	0,404057	8,225769	-7083,459938	904,095459	-2990,215912	7,976970	951,250723	31,699177	29,395582	31,098766	28,899724	32,923293	-2,664439	1,207550	1,062756	219410,958508	41,903613	0,008623	-0,025460	0,000000	2,045766	-0,124320	-0,124317	14,002525	-0,008362	7,087315	1,795025
14,400000	7,750343	7,762598	6,084115	0,403954	8,205913	-6924,862305	905,138920	-2990,190101	7,975413	951,363005	31,702759	29,398245	31,099349	28,895631	32,921781	-2,664525	1,208999	1,062108	219392,326445	41,890497	0,008455	-0,025283	0,000000	2,046040	-0,124328	-0,124316	14,003531	-0,008423	7,089061	1,795146
14,600000	7,746133	7,759101	6,085144	0,403936	8,212958	-6706,758591	905,083238	-2990,248266	7,974030	951,397036	31,699727	29,396662	31,103036	28,891679	32,922444	-2,664447	1,208486	1,063197	219334,216918	41,877410	0,008391	-0,025265	0,000000	2,046276	-0,124329	-0,124314	14,003699	-0,008305	7,083107	1,795183
14,800000	7,742193	7,754563	6,076108	0,403732	8,225817	-6663,093995	904,438621	-2990,358149	7,972653	951,381299	31,693080	29,395420	31,107699	28,892519	32,927632	-2,664347	1,206511	1,062182	219388,565068	41,862328	0,008506	-0,025392	0,000000	2,045806	-0,124326	-0,124312	14,003564	-0,008303	7,086072	1,795166
15,000000	7,738533	7,750381	6,072289	0,403696	8,207019	-6709,424790	903,978786	-2990,369422	7,970865	951,354455	31,689442	29,395872	31,108606	28,896975	32,932101	-2,664378	1,206122	1,061301	219580,454432	41,846492	0,008531	-0,025539	0,000000	2,045423	-0,124322	-0,124315	14,003481	-0,008446	7,083840	1,795137
15,200000	7,734914	7,746442	6,074972	0,404017	8,186237	-6896,008919	903,483859	-2990,363798	7,969336	951,337929	31,690177	29,395669	31,101542	28,900526	32,930630	-2,664523	1,207619	1,061314	219680,406545	41,832481	0,008324	-0,025653	0,000000	2,045712	-0,124320	-0,124322	14,003477	-0,008581	7,075423	1,795119
15,400000	7,730858	7,741794	6,062070	0,404039	8,189308	-7043,867456	903,221513	-2990,405828	7,968226	951,337812	31,692841	29,396612	31,095264	28,900645	32,924651	-2,664584	1,207219	1,061965	219629,284014	41,819868	0,008202	-0,025611	0,000000	2,046011	-0,124321	-0,124322	14,003492	-0,008596	7,082288	1,795119
15,600000	7,726309	7,737680	6,060246	0,403790	8,190635	-6868,285834	903,460936	-2990,441753	7,966859	951,339690	31,694037	29,397504	31,099646	28,899470	32,919529	-2,664384	1,204609	1,064257	219550,110550	41,807223	0,008267	-0,025544	0,000000	2,046095	-0,124324	-0,124318	14,003498	-0,008587	7,078721	1,795121
15,800000	7,721800	7,734267	6,070075	0,403800	8,183711	-6551,103884	903,887893	-2990,427289	7,965319	950,445385	31,691825	29,395624	31,107658	28,898569	32,919975	-2,664336	1,202428	1,063631	219467,812952	41,794756	0,008419	-0,025627	0,000000	2,046056	-0,124323	-0,124319	13,996080	-0,008688	7,064225	1,794157
16,000000	7,717964	7,730229	6,068502	0,404285	8,188322	-6370,648365	904,104865	-2990,387077	7,963863	949,205940	31,690087	29,393079	31,108655	28,897355	32,924568	-2,664470	1,202596	1,060383	219381,720495	41,780607	0,008630	-0,025608	0,000000	2,045580	-0,124322	-0,124321	13,985921	-0,008954	7,060219	1,792819
16,200000	7,714502	7,726030	6,065551	0,404475	8,192536	-6269,686146	904,503663	-2990,292039	7,962419	949,774204	31,692590	29,393871	31,103797	28,895649	32,929714	-2,664453	1,203991	1,059377	219360,215477	41,764550	0,008697	-0,025545	0,000000	2,045285	-0,124323	-0,124321	13,991036	-0,009289	7,056922	1,793432
16,400000	7,710594	7,722156	6,059627	0,403937	8,183792	-6140,988117	905,200834	-2990,152060	7,960996	951,124567	31,696166	29,397702	31,099511	28,896802	32,932101	-2,664342	1,204586	1,060921	219409,417141	41,749591	0,008605	-0,025668	0,000000	2,045728	-0,124318	-0,124322	14,002333	-0,009230	7,056990	1,794889
16,600000	7,706448	7,718393	6,053243	0,404037	8,174414	-6072,760591	905,179349	-2990,095434	7,959492	951,548042	31,695816	29,399638	31,100239	28,902523	32,929610	-2,664270	1,204029	1,063236	219468,149100	41,735368	0,008505	-0,025765	0,000000	2,046371	-0,124311	-0,124323	14,005506	-0,008843	7,057900	1,795346
16,800000	7,702606	7,714421	6,052714	0,404729	8,170549	-5952,245534	904,563482	-2990,087328	7,957917	951,437532	31,690313	29,397792	31,106187	28,905359	32,925002	-2,664234	1,203063	1,061919	219535,760933	41,721085	0,008410	-0,025815	0,000000	2,046788	-0,124314	-0,124322	14,004466	-0,008732	7,052977	1,795227
17,000000	7,699055	7,710465	6,045189	0,404573	8,167935	-5825,398764	904,105846	-2990,098501	7,956480	951,293044	31,684972	29,395438	31,109980	28,900199	32,923907	-2,664191	1,203010	1,060333	219603,456082	41,706808	0,008373	-0,025884	0,000000	2,047000	-0,124324	-0,124317	14,003461	-0,008942	7,055041	1,795071
17,200000	7,695236	7,706629	6,028158	0,403769	8,163821	-5845,581869	904,028122	-2990,236192	7,955101	950,380892	31,684539	29,395073	31,109240	28,893334	32,925251	-2,664258	1,203876	1,062566	219571,131971	41,692109	0,008461	-0,025720	0,000000	2,046993	-0,124327	-0,124311	13,995876	-0,009026	7,066545	1,794087
17,400000	7,690919	7,702728	6,024004	0,403127	8,158179	-5798,297411	904,247944	-2990,433666	7,953803	949,222988	31,687266	29,395041	31,109802	28,892519	32,922769	-2,664458	1,206171	1,062908	219477,725134	41,677415	0,008661	-0,025426	0,000000	2,046131	-0,124322	-0,124309	13,985852	-0,008743	7,065080	1,792838
17,600000	7,686809	7,698786	6,036628	0,402756	8,150630	-5661,032850	904,322486	-2990,397043	7,952428	949,876525	31,688985	29,395176	31,110204	28,897311	32,918411	-2,664585	1,208503	1,061163	219508,656822	41,661072	0,008807	-0,025479	0,000000	2,045183	-0,124316	-0,124313	13,991051	-0,008443	7,046425	1,793543
17,800000	7,683199	7,694412	6,035642	0,403016	8,144533	-5614,277977	904,049661	-2990,193142	7,950665	951,218524	31,687921	29,395574	31,103025	28,901602	32,918740	-2,664546	1,208742	1,061273	219608,871208	41,643083	0,008624	-0,025641	0,000000	2,045509	-0,124314	-0,124321	14,002352	-0,008459	7,040643	1,794990
18,000000	7,679588	7,690425	6,029930	0,403648	8,136000	-5669,669775	903,909265	-2990,169930	7,948954	951,592303	31,686138	29,395131	31,094923	28,902353	32,923721	-2,664455	1,207966	1,061386	219617,988473	41,627738	0,008241	-0,025525	0,000000	2,046214	-0,124317	-0,124328	14,005510	-0,008475	7,040360	1,795393
18,200000	7,675632	7,687330	6,029447	0,403844	8,125189	-5642,306233	904,125086	-2990,328336	7,947602	951,481948	31,684012	29,394913	31,101072	28,900772	32,927616	-2,664258	1,206738	1,061399	219575,197594	41,615237	0,008118	-0,025435	0,000000	2,046411	-0,124322	-0,124324	14,004464	-0,008357	7,036368	1,795274
18,400000	7,671476	7,683910	6,022269	0,404032	8,126924	-5463,043106	904,466209	-2990,460970	7,946422	952,246561	31,680914	29,394588	31,113286	28,897836	32,928026	-2,664079	1,205281	1,062480	219558,819527	41,601230	0,008402	-0,025339	0,000000	2,046049	-0,124325	-0,124314	14,010877	-0,008343	7,038718	1,796099
18,600000	7,667495	7,679620	6,010734	0,404169	8,132099	-5282,004778	904,481203	-2990,498366	7,945182	953,445436	31,679641	29,392730	31,114524	28,896307	32,925748	-2,664209	1,204464	1,062089	219581,182336	41,583823	0,008706	-0,025142	0,000000	2,045454	-0,124327	-0,124314	14,020868	-0,008264	7,043954	1,797390
18,800000	7,663710	7,675211	6,004654	0,404336	8,125782	-5123,896987	904,413412	-2990,408714	7,943778	952,877040	31,682872	29,391802	31,107030	28,897615	32,922021	-2,664355	1,205234	1,060582	219618,331718	41,565084	0,008716	-0,025259	0,000000	2,045228	-0,124326	-0,124319	14,015888	-0,008057	7,043159	1,796778
19,000000	7,659791	7,671428	6,010126	0,404946	8,118927	-5121,167809	904,797838	-2990,236775	7,942236	951,543154	31,687730	29,394629	31,101575	28,896357	32,920203	-2,664355	1,206901	1,061894	219629,234332	41,548468	0,008668	-0,025617	0,000000	2,045456	-0,124325	-0,124322	14,004673	-0,008051	7,031569	1,795340
19,200000	7,655557	7,668002	5,998324	0,404870	8,116935	-5504,411590	904,762528	-2990,263158	7,940576	951,126395	31,687289	29,397203	31,101603	28,891683	32,921656	-2,664470	1,207620	1,064089	219620,297560	41,534735	0,008602	-0,025797	0,000000	2,045915	-0,124325	-0,124322	14,001505	-0,008386	7,038270	1,794891
19,400000	7,651514	7,664562	5,987222	0,403862	8,108542	-6036,270327	903,917987	-2990,464545	7,939063	952,068403	31,680028	29,396187	31,104708	28,889873	32,923501	-2,664631	1,207222	1,063407	219608,236722	41,520823	0,008454	-0,025818	0,000000	2,045997	-0,124322	-0,124318	14,009947	-0,008911	7,044405	1,795907
19,600000	7,648081	7,660660	6,013571	0,403322	8,097042	-6213,927445	903,239612	-2990,553685	7,937758	954,248505	31,673384	29,394247	31,107627	28,893503	32,924356	-2,664629	1,206483	1,062186	219559,185759	41,504179	0,008364	-0,025728	0,000000	2,045360	-0,124318	-0,124318	14,028521	-0,009174	7,012033	1,798255
19,800000	7,644752	7,656167	6,025524	0,403693	8,103622	-6072,713832	903,086278	-2990,539786	7,936406	955,765631	31,672609	29,393063	31,108792	28,899586	32,925987	-2,664559	1,205534	1,062685	219487,537081	41,486504	0,008296	-0,025642	0,000000	2,045048	-0,124318	-0,124323	14,041149	-0,009070	6,993518	1,799889
20,000000	7,641017	7,652532	5,998491	0,404060	8,116129	-6016,513787	903,105376	-2990,491956	7,934948	955,039224	31,675762	29,393181	31,109599	28,902187	32,924290	-2,664645	1,204164	1,062774	219445,245531	41,471107	0,008160	-0,025678	0,000000	2,045933	-0,124320	-0,124326	14,034761	-0,008777	7,015034	1,799107
20,200000	7,636775	7,649468	5,987093	0,404059	8,108109	-5932,914876	903,377300	-2990,482786	7,933452	952,737040	31,679422	29,394829	31,105120	28,899099	32,917471	-2,664753	1,204558	1,060363	219441,926347	41,457769	0,008124	-0,025521	0,000000	2,046599	-0,124320	-0,124327	14,015094	-0,008439	7,021601	1,796627
20,400000	7,632543	7,645617	6,002749	0,404042	8,105675	-5706,305068	903,976202	-2990,567289	7,931851	951,132140	31,679943	29,396543	31,100410	28,894651	32,914926	-2,664593	1,207287	1,059973	219472,801357	41,443671	0,008382	-0,025257	0,000000	2,046381	-0,124322	-0,124324	14,001659	-0,008493	7,000219	1,794897
20,600000	7,628723	7,641530	6,003421	0,403888	8,126470	-5743,320865	904,147148	-2990,597554	7,930103	951,835419	31,675532	29,396483	31,108124	28,892729	32,919313	-2,664464	1,208357	1,062604	219506,763311	41,428003	0,008702	-0,025243	0,000000	2,046186	-0,124328	-0,124314	14,007964	-0,008885	6,993767	1,795656
20,800000	7,624804	7,637165	5,993232	0,403688	8,131778	-6032,574820	903,554947	-2990,490157	7,928512	953,287213	31,669086	29,394772	31,112881	28,892666	32,923974	-2,664658	1,207296	1,063917	219525,094984	41,412478	0,008752	-0,025409	0,000000	2,045656	-0,124329	-0,124307	14,020341	-0,009066	6,997957	1,797220
21,000000	7,620915	7,633156	5,998914	0,403520	8,102661	-6090,063601	903,048581	-2990,417252	7,927185	952,833978	31,667031	29,394235	31,104200	28,893359	32,925307	-2,664881	1,205807	1,062864	219526,896645	41,398057	0,008594	-0,025686	0,000000	2,044797	-0,124324	-0,124308	14,016263	-0,008795	6,986390	1,796732
21,200000	7,617526	7,630268	5,996679	0,403398	8,090580	-5886,078833	903,336029	-2990,483977	7,925889	951,547716	31,668700	29,396597	31,100086	28,894537	32,923049	-2,664876	1,201750	1,061064	219484,263230	41,384328	0,008496	-0,025854	0,000000	2,044649	-0,124323	-0,124315	14,004915	-0,008255	6,983814	1,795345
21,400000	7,613906	7,626670	5,990706	0,403304	8,112777	-5870,836738	903,695530	-2990,583708	7,924500	952,063890	31,666551	29,398031	31,107952	28,897069	32,918363	-2,664752	1,196113	1,059720	219397,566294	41,370054	0,008520	-0,025860	0,000000	2,045237	-0,124325	-0,124320	14,008938	-0,007939	6,984611	1,795902
21,600000	7,609901	7,622175	6,011062	0,403163	8,113934	-6072,352320	903,260128	-2990,688236	7,922978	954,256190	31,660839	29,394987	31,114281	28,897926	32,914115	-2,664789	1,193187	1,059155	219313,981398	41,354315	0,008502	-0,025900	0,000000	2,045734	-0,124327	-0,124322	14,027481	-0,008069	6,958232	1,798264
21,800000	7,606370	7,618372	6,020614	0,403413	8,097819	-6142,577219	902,723086	-2990,788669	7,921474	955,811726	31,657244	29,391797	31,111651	28,892940	32,914097	-2,665022	1,194215	1,060489	219276,860335	41,339309	0,008266	-0,025846	0,000000	2,045848	-0,124329	-0,124323	14,040962	-0,008496	6,943171	1,799938
22,000000	7,603113	7,614890	6,007674	0,403806	8,107593	-6204,283314	902,764211	-2990,786614	7,920089	955,924756	31,660346	29,391873	31,105002	28,887966	32,918004	-2,665142	1,196003	1,061678	219290,288983	41,326351	0,008051	-0,025757	0,000000	2,045449	-0,124330	-0,124323	14,042313	-0,008899	6,950861	1,800060
22,200000	7,599627	7,611089	6,002268	0,403798	8,113059	-6235,374764	903,013712	-2990,660047	7,918763	955,683395	31,666775	29,392711	31,099426	28,888353	32,920605	-2,665053	1,194287	1,060180	219307,633031	41,312763	0,008142	-0,025820	0,000000	2,044837	-0,124330	-0,124320	14,040173	-0,008783	6,950725	1,799800
22,400000	7,595930	7,607607	6,005805	0,403809	8,094106	-5995,657415	903,300603	-2990,495865	7,917446	955,612182	31,667754	29,393019	31,098507	28,894078	32,918819	-2,665025	1,193307	1,060100	219324,850878	41,298029	0,008359	-0,025856	0,000000	2,044870	-0,124326	-0,124322	14,039117	-0,008325	6,941890	1,799723
22,600000	7,591986	7,604231	5,999037	0,404212	8,093163	-5799,444869	903,561085	-2990,411016	7,916008	955,635721	31,662959	29,393918	31,099983	28,900908	32,916942	-2,665168	1,196940	1,061959	219402,683566	41,283954	0,008543	-0,025829	0,000000	2,045627	-0,124320	-0,124328	14,039146	-0,008156	6,943529	1,799749
22,800000	7,588152	7,600256	5,981185	0,404665	8,108384	-5844,876996	903,461449	-2990,462828	7,914381	955,638509	31,657807	29,395179	31,100319	28,901396	32,919803	-2,665260	1,199710	1,061625	219465,157444	41,269016	0,008598	-0,025847	0,000000	2,046346	-0,124324	-0,124330	14,039364	-0,008350	6,955552	1,799752
23,000000	7,584682	7,596614	5,981745	0,404658	8,096020	-5944,833501	903,214502	-2990,704765	7,912768	955,621040	31,655766	29,395765	31,101705	28,895751	32,923586	-2,665181	1,200195	1,061149	219408,511878	41,252694	0,008472	-0,025798	0,000000	2,046393	-0,124331	-0,124326	14,039438	-0,008572	6,949311	1,799733
23,200000	7,581338	7,593489	5,984965	0,403967	8,074559	-6052,693667	903,082415	-2990,945719	7,911296	955,618515	31,656726	29,394800	31,108321	28,890443	32,923118	-2,665040	1,201662	1,061229	219305,928485	41,237145	0,008291	-0,025734	0,000000	2,045918	-0,124330	-0,124323	14,039423	-0,008578	6,941130	1,799730
23,400000	7,577935	7,589761	5,976792	0,403243	8,075978	-6197,249855	902,876332	-2990,844979	7,909840	956,525696	31,657968	29,392756	31,113586	28,889339	32,918492	-2,665029	1,205231	1,061198	219240,424521	41,222230	0,008205	-0,025768	0,000000	2,045219	-0,124323	-0,124322	14,046820	-0,008365	6,943912	1,800706
23,600000	7,574120	7,586057	5,977757	0,403207	8,073851	-6210,150469	902,605808	-2990,538722	7,908328	958,665564	31,657746	29,391737	31,108426	28,891714	32,913473	-2,665266	1,208410	1,060955	219236,279207	41,207383	0,008282	-0,025831	0,000000	2,044916	-0,124318	-0,124320	14,064391	-0,007999	6,937355	1,803007
23,800000	7,569984	7,582741	5,984319	0,403528	8,066947	-5944,249447	902,625950	-2990,444683	7,906920	960,190658	31,658003	29,392236	31,101749	28,893625	32,912095	-2,665393	1,209563	1,060342	219252,049594	41,192540	0,008451	-0,025806	0,000000	2,045325	-0,124319	-0,124323	14,076853	-0,007687	6,925481	1,804646
24,000000	7,566101	7,578838	5,981735	0,403818	8,081716	-5628,132880	903,016334	-2990,599067	7,905652	959,482489	31,656519	29,394504	31,103156	28,891929	32,914532	-2,665195	1,210118	1,060635	219225,873961	41,177326	0,008493	-0,025616	0,000000	2,045918	-0,124323	-0,124324	14,070600	-0,007364	6,922314	1,803885
24,200000	7,562631	7,575035	5,967513	0,403474	8,087875	-5543,693293	903,105912	-2990,704849	7,904250	958,064068	31,649616	29,395757	31,108970	28,890387	32,917233	-2,664947	1,210220	1,060167	219178,418534	41,161721	0,008435	-0,025495	0,000000	2,046153	-0,124326	-0,124320	14,058432	-0,007080	6,930863	1,802361
24,400000	7,559413	7,571952	5,958785	0,402422	8,064768	-5667,963014	902,638820	-2990,648639	7,902753	958,535607	31,644541	29,393377	31,111361	28,893006	32,918200	-2,664881	1,209952	1,060548	219153,094493	41,146804	0,008462	-0,025560	0,000000	2,045852	-0,124325	-0,124320	14,062577	-0,007273	6,934668	1,802868
24,600000	7,556066	7,568465	5,963294	0,402484	8,056264	-5876,987633	902,549953	-2990,579376	7,901343	959,848408	31,647768	29,391655	31,107049	28,896118	32,917681	-2,665118	1,209570	1,061254	219158,485422	41,132562	0,008469	-0,025593	0,000000	2,045412	-0,124322	-0,124324	14,073909	-0,007608	6,924888	1,804278
24,800000	7,552421	7,564157	5,967850	0,403861	8,072351	-6143,345326	903,042322	-2990,587811	7,899962	959,361429	31,654345	29,393541	31,100996	28,896519	32,915617	-2,665410	1,209457	1,059594	219160,987980	41,117305	0,008486	-0,025514	0,000000	2,045385	-0,124322	-0,124325	14,069867	-0,007645	6,914116	1,803755
25,000000	7,548636	7,560642	5,962136	0,404415	8,068831	-6282,493241	903,446144	-2990,617137	7,898538	958,039680	31,656649	29,396596	31,101073	28,893875	32,912683	-2,665484	1,209579	1,060254	219099,395936	41,102431	0,008457	-0,025430	0,000000	2,045888	-0,124327	-0,124324	14,058738	-0,007590	6,914382	1,802334
25,200000	7,545085	7,558089	5,963875	0,403648	8,052561	-6057,392489	903,529510	-2990,671934	7,897144	958,508937	31,653448	29,397159	31,105326	28,890361	32,910843	-2,665355	1,210557	1,062496	218978,519415	41,089161	0,008374	-0,025426	0,000000	2,045840	-0,124330	-0,124323	14,062834	-0,007753	6,908441	1,802839
25,400000	7,541846	7,554708	5,974271	0,402987	8,066196	-5678,582857	903,333073	-2990,756319	7,895529	960,658508	31,647458	29,395419	31,107807	28,889025	32,914235	-2,665107	1,211445	1,063161	218925,299777	41,074596	0,008565	-0,025443	0,000000	2,044953	-0,124328	-0,124322	14,081361	-0,008278	6,893049	1,805148
25,600000	7,538649	7,550886	5,975275	0,403214	8,088892	-5534,635518	902,891322	-2990,774015	7,893582	963,115866	31,643274	29,393877	31,111127	28,889652	32,920761	-2,664907	1,209746	1,062278	218976,617921	41,057775	0,008783	-0,025518	0,000000	2,044708	-0,124323	-0,124319	14,102240	-0,008597	6,886260	1,807785
25,800000	7,535367	7,547230	5,970245	0,403713	8,079534	-5690,022327	902,351831	-2990,735820	7,892025	965,419734	31,643848	29,393123	31,110882	28,892122	32,921634	-2,665015	1,206386	1,059838	219049,495026	41,041225	0,008719	-0,025614	0,000000	2,045324	-0,124323	-0,124314	14,121162	-0,008264	6,885520	1,810255
26,000000	7,531669	7,543963	5,964322	0,403918	8,057713	-5919,200547	902,018933	-2990,730562	7,890969	965,814592	31,645425	29,393414	31,104534	28,894125	32,916540	-2,665211	1,202911	1,058339	219114,934313	41,026956	0,008457	-0,025671	0,000000	2,045847	-0,124327	-0,124315	14,124065	-0,007870	6,886199	1,810678
26,200000	7,527665	7,541426	5,955342	0,403717	8,058419	-6005,960070	902,271183	-2990,750096	7,889811	963,720194	31,644515	29,394313	31,103088	28,893933	32,912294	-2,664993	1,200673	1,059535	219097,245528	41,014313	0,008124	-0,025650	0,000000	2,046003	-0,124327	-0,124321	14,106599	-0,007903	6,890873	1,808433
26,400000	7,523738	7,538040	5,957877	0,403027	8,065220	-6153,242967	902,759167	-2990,736781	7,888287	962,833409	31,640916	29,394101	31,108602	28,893010	32,912388	-2,664739	1,200916	1,060957	218958,142588	41,000125	0,008137	-0,025548	0,000000	2,045843	-0,124325	-0,124319	14,099576	-0,008295	6,883373	1,807482
26,600000	7,520081	7,533380	5,969121	0,402662	8,054021	-6462,865507	902,576078	-2990,747545	7,886677	963,775243	31,637584	29,392090	31,111221	28,890459	32,915213	-2,664911	1,202687	1,061257	218853,346851	40,983733	0,008401	-0,025551	0,000000	2,045617	-0,124324	-0,124316	14,107818	-0,008663	6,865851	1,808492
26,800000	7,516898	7,529735	5,966699	0,402747	8,047740	-6515,862782	902,360019	-2990,805093	7,885330	964,304112	31,638714	29,391480	31,106388	28,886662	32,918005	-2,665193	1,205061	1,061410	218885,430241	40,969242	0,008360	-0,025637	0,000000	2,045454	-0,124324	-0,124317	14,112239	-0,008663	6,862777	1,809059
27,000000	7,513769	7,527115	5,966092	0,402513	8,060227	-6259,627669	902,959055	-2990,722271	7,884093	964,345330	31,642417	29,393905	31,101844	28,887067	32,918891	-2,665268	1,207372	1,061175	218959,129340	40,958958	0,008165	-0,025791	0,000000	2,045433	-0,124325	-0,124319	14,112259	-0,008338	6,859382	1,809104
27,200000	7,510463	7,523867	5,963367	0,402527	8,061118	-6015,689685	903,318427	-2990,618355	7,882751	964,283705	31,642446	29,395887	31,103531	28,893114	32,915482	-2,665256	1,209055	1,061621	218985,087342	40,948639	0,008233	-0,025937	0,000000	2,045695	-0,124326	-0,124325	14,111400	-0,007995	6,857716	1,809038
27,400000	7,507239	7,520096	5,951487	0,403027	8,044332	-5905,305495	902,901142	-2990,676536	7,881357	964,243563	31,637361	29,396364	31,107643	28,896484	32,910537	-2,665277	1,210277	1,061664	218997,224574	40,934528	0,008574	-0,025865	0,000000	2,045861	-0,124326	-0,124328	14,111079	-0,008009	6,864127	1,808994
27,600000	7,504049	7,516350	5,944378	0,403461	8,034762	-5855,764013	902,269349	-2990,755349	7,879880	964,204832	31,631797	29,395979	31,108188	28,892287	32,910689	-2,665214	1,211094	1,060617	219026,251129	40,919645	0,008667	-0,025779	0,000000	2,046031	-0,124325	-0,124322	14,111129	-0,008382	6,865662	1,808953
27,800000	7,500631	7,513088	5,943776	0,403259	8,031251	-5731,863377	902,024966	-2990,859171	7,878245	964,198875	31,630568	29,395064	31,104584	28,885830	32,914791	-2,665122	1,210786	1,058210	218991,763330	40,907749	0,008241	-0,025781	0,000000	2,046213	-0,124324	-0,124319	14,111210	-0,008513	6,861566	1,808947
28,000000	7,496974	7,509957	5,936577	0,402680	8,025278	-5524,118179	902,257278	-2990,974518	7,876803	964,252268	31,633837	29,393872	31,102312	28,883350	32,915961	-2,665199	1,208452	1,058294	218900,123889	40,897599	0,007948	-0,025581	0,000000	2,045450	-0,124324	-0,124322	14,111230	-0,008087	6,864439	1,809004
28,200000	7,493586	7,506179	5,923400	0,402711	8,024260	-5379,669633	902,249151	-2990,867810	7,875617	964,301083	31,637246	29,391869	31,104526	28,886528	32,913027	-2,665314	1,207016	1,062777	218915,128074	40,886957	0,008237	-0,025454	0,000000	2,044419	-0,124323	-0,124321	14,111222	-0,007671	6,872775	1,809056
28,400000	7,490616	7,502112	5,922948	0,402962	8,020555	-5297,262957	902,422622	-2990,635555	7,874128	963,396141	31,637821	29,391853	31,105344	28,892554	32,911284	-2,665248	1,207680	1,065243	219012,381221	40,875451	0,008699	-0,025641	0,000000	2,044670	-0,124319	-0,124314	14,103797	-0,007811	6,868016	1,808086
28,600000	7,487504	7,498770	5,934452	0,402956	8,007637	-5119,615120	903,141718	-2990,586784	7,872494	962,117134	31,635747	29,393877	31,103220	28,896479	32,914052	-2,665161	1,208057	1,061899	219027,943258	40,863184	0,008817	-0,025753	0,000000	2,045622	-0,124317	-0,124314	14,093638	-0,008349	6,851752	1,806714
28,800000	7,483823	7,495982	5,936348	0,403195	8,003800	-5045,208934	903,380586	-2990,740109	7,871225	962,714772	31,632404	29,394574	31,104997	28,895051	32,919212	-2,665011	1,207776	1,058027	218949,627739	40,850736	0,008518	-0,025700	0,000000	2,046245	-0,124320	-0,124321	14,098755	-0,008467	6,845562	1,807355
29,000000	7,479975	7,492879	5,909981	0,403651	8,010429	-5359,767642	902,629672	-2990,915376	7,870043	964,107121	31,628944	29,393708	31,108283	28,890848	32,921457	-2,664783	1,207527	1,059558	218872,613106	40,838520	0,008176	-0,025629	0,000000	2,046119	-0,124326	-0,124323	14,110053	-0,008123	6,867252	1,808848
29,200000	7,476434	7,489070	5,892442	0,403557	8,002498	-5770,425799	901,835542	-2990,893967	7,868532	964,466774	31,626354	29,392590	31,106396	28,889026	32,916847	-2,665028	1,208549	1,061414	218870,726877	40,826578	0,008266	-0,025760	0,000000	2,045421	-0,124328	-0,124321	14,113225	-0,008290	6,879632	1,809234
29,400000	7,473185	7,484853	5,906702	0,402685	7,984961	-5932,976517	901,913208	-2990,717276	7,866946	964,272193	31,626772	29,392971	31,099949	28,890062	32,909292	-2,665645	1,208964	1,061250	218915,422597	40,814968	0,008572	-0,025860	0,000000	2,044873	-0,124325	-0,124318	14,112186	-0,008876	6,859880	1,809025
29,600000	7,470036	7,481329	5,906960	0,402158	7,985261	-6116,576459	902,514628	-2990,667417	7,865493	963,240006	31,628697	29,395462	31,097973	28,889902	32,905741	-2,665983	1,208022	1,060731	218953,305360	40,804931	0,008662	-0,025649	0,000000	2,044962	-0,124324	-0,124321	14,103763	-0,009082	6,854978	1,807918
29,800000	7,466470	7,478464	5,894454	0,402372	7,989707	-6525,675449	902,701482	-2990,747633	7,863892	961,137182	31,626773	29,398057	31,102312	28,886155	32,906691	-2,665966	1,208353	1,059477	218987,124519	40,796791	0,008422	-0,025583	0,000000	2,045621	-0,124328	-0,124325	14,086020	-0,008930	6,863780	1,805662
30,000000	7,462605	7,475255	5,896028	0,402243	7,973285	-6794,577277	902,140034	-2990,837947	7,862286	960,578439	31,620449	29,398248	31,104524	28,883567	32,909038	-2,665786	1,208254	1,057756	218991,878951	40,787616	0,008034	-0,025766	0,000000	2,045873	-0,124330	-0,124324	14,081112	-0,008699	6,858111	1,805062
30,200000	7,459197	7,472213	5,894304	0,401757	7,964320	-6743,758900	901,492594	-2990,937814	7,860970	962,586401	31,615238	29,396533	31,105612	28,886758	32,911262	-2,665544	1,206341	1,059451	218898,703439	40,775841	0,007998	-0,025931	0,000000	2,045252	-0,124328	-0,124321	14,097608	-0,008393	6,855446	1,807217
30,400000	7,456154	7,469157	5,894138	0,401766	7,981504	-6634,603016	901,275271	-2990,987837	7,859804	964,325312	31,614706	29,393835	31,109195	28,891575	32,914351	-2,665460	1,204941	1,061985	218773,193110	40,762730	0,008094	-0,026092	0,000000	2,044996	-0,124324	-0,124322	14,112082	-0,008328	6,851075	1,809082
30,600000	7,452785	7,465184	5,903377	0,402232	7,984602	-6628,478714	901,388044	-2990,964338	7,858503	964,561594	31,617272	29,392113	31,111650	28,892805	32,914327	-2,665585	1,206119	1,059741	218777,307099	40,749817	0,008106	-0,026126	0,000000	2,045777	-0,124324	-0,124326	14,114200	-0,008472	6,836603	1,809335
30,800000	7,449075	7,461918	5,904977	0,402717	7,965574	-6588,509695	901,636968	-2990,981150	7,857006	965,217995	31,619343	29,392860	31,106413	28,890912	32,907709	-2,665708	1,209149	1,057679	218848,422255	40,737861	0,008196	-0,025932	0,000000	2,046039	-0,124327	-0,124329	14,119566	-0,008353	6,830233	1,810039
31,000000	7,445606	7,459143	5,903470	0,402809	7,970744	-6512,248789	901,933446	-2991,083513	7,855413	966,295014	31,617317	29,393857	31,101368	28,888428	32,902874	-2,665680	1,211488	1,058814	218845,308015	40,727279	0,008241	-0,025775	0,000000	2,045796	-0,124330	-0,124328	14,128551	-0,008343	6,827569	1,811193
31,200000	7,442525	7,455089	5,899572	0,402508	7,990368	-6612,502207	901,974850	-2991,182845	7,853692	965,634047	31,612267	29,394612	31,109799	28,887789	32,905067	-2,665607	1,211680	1,060690	218820,448193	40,717069	0,008314	-0,025797	0,000000	2,046049	-0,124331	-0,124323	14,123403	-0,008716	6,826615	1,810485
31,400000	7,439576	7,451502	5,890997	0,402352	7,976024	-6746,361244	901,563307	-2991,164595	7,852074	964,249258	31,608069	29,394856	31,117683	28,888701	32,911418	-2,665756	1,210269	1,059724	218846,684732	40,706630	0,008322	-0,025904	0,000000	2,045672	-0,124332	-0,124321	14,112324	-0,009207	6,830641	1,809001
31,600000	7,436563	7,448895	5,891789	0,402358	7,949218	-6728,737054	901,252648	-2991,018153	7,850816	963,844477	31,607309	29,393591	31,111316	28,888950	32,916512	-2,666019	1,209993	1,059109	218894,329024	40,697534	0,008284	-0,026037	0,000000	2,044865	-0,124329	-0,124323	14,109238	-0,009504	6,826101	1,808567
31,800000	7,433325	7,445733	5,876604	0,402271	7,954751	-6645,931554	901,419263	-2990,951508	7,849667	963,979899	31,609668	29,393166	31,102782	28,889223	32,915010	-2,666026	1,210570	1,060410	218914,087314	40,688144	0,008342	-0,025976	0,000000	2,044905	-0,124326	-0,124325	14,110268	-0,009401	6,836872	1,808712
32,000000	7,429769	7,442637	5,861827	0,402136	7,969988	-6510,661048	901,694637	-2991,053537	7,848301	963,233660	31,610323	29,394381	31,104371	28,891101	32,909395	-2,665856	1,210835	1,060200	218891,249213	40,676549	0,008337	-0,025714	0,000000	2,045392	-0,124327	-0,124327	14,103835	-0,009207	6,847158	1,807912
32,200000	7,426218	7,439309	5,882014	0,402649	7,963913	-6340,407319	901,629053	-2991,152605	7,846850	961,156971	31,607084	29,393912	31,110678	28,890570	32,905187	-2,665757	1,210948	1,060040	218852,699743	40,664799	0,008257	-0,025638	0,000000	2,045622	-0,124327	-0,124330	14,086422	-0,009166	6,822528	1,805683
32,400000	7,422967	7,435582	5,882426	0,403739	7,958186	-6329,222817	901,529179	-2991,135511	7,845485	960,535562	31,603728	29,392164	31,109971	28,884778	32,904368	-2,665755	1,209777	1,059273	218825,613914	40,653372	0,008193	-0,025751	0,000000	2,045568	-0,124326	-0,124331	14,081247	-0,009193	6,817208	1,805016
32,600000	7,419702	7,432515	5,866736	0,403627	7,961167	-6542,817878	901,712859	-2991,056671	7,843987	962,506585	31,605973	29,392557	31,103851	28,880137	32,907143	-2,665862	1,209201	1,059640	218835,790188	40,641764	0,008183	-0,025833	0,000000	2,045342	-0,124327	-0,124327	14,097579	-0,009032	6,828222	1,807132
32,800000	7,416335	7,429152	5,875361	0,402305	7,949493	-6786,108714	901,781841	-2991,044719	7,842325	964,278508	31,612113	29,393912	31,100019	28,881356	32,910011	-2,665973	1,209371	1,061566	218860,074918	40,631685	0,008336	-0,025846	0,000000	2,045165	-0,124323	-0,124322	14,112044	-0,008682	6,815107	1,809032
33,000000	7,413012	7,425695	5,878398	0,401836	7,932292	-6948,382723	901,689498	-2991,075737	7,840846	964,539309	31,613867	29,393525	31,099157	28,887417	32,908319	-2,665995	1,208828	1,061222	218854,601418	40,622669	0,008646	-0,025851	0,000000	2,045100	-0,124318	-0,124321	14,114192	-0,008650	6,807772	1,809312
33,200000	7,409623	7,423165	5,868299	0,402376	7,932757	-6954,103833	901,578063	-2991,028308	7,839517	963,360787	31,609272	29,392737	31,101757	28,892472	32,906976	-2,665939	1,208307	1,059637	218853,730824	40,612803	0,008649	-0,026093	0,000000	2,045055	-0,124321	-0,124326	14,104736	-0,009045	6,814169	1,808048
33,400000	7,406387	7,419948	5,871158	0,402869	7,934541	-6855,457035	901,300910	-2991,022650	7,837980	961,091016	31,602338	29,393065	31,105661	28,890640	32,910228	-2,665957	1,207284	1,058234	218802,795432	40,601637	0,008241	-0,026158	0,000000	2,045200	-0,124327	-0,124329	14,085986	-0,009283	6,806932	1,805612
33,600000	7,403522	7,416103	5,875003	0,403122	7,923783	-6780,817701	900,958185	-2991,193004	7,836357	959,617035	31,597588	29,393879	31,102123	28,885815	32,912515	-2,666129	1,207428	1,057896	218676,325086	40,590036	0,007927	-0,025698	0,000000	2,045307	-0,124327	-0,124329	14,073492	-0,009129	6,797963	1,804030
33,800000	7,400729	7,413144	5,866435	0,402857	7,928209	-6701,504568	901,011301	-2991,356340	7,834950	959,544047	31,597369	29,394357	31,101029	28,882785	32,911533	-2,666133	1,208242	1,059008	218629,092542	40,579604	0,008039	-0,025638	0,000000	2,045031	-0,124323	-0,124327	14,072547	-0,008795	6,802277	1,803951
34,000000	7,397702	7,409982	5,851928	0,402164	7,947201	-6711,455789	901,315392	-2991,332377	7,833719	959,833287	31,599614	29,394320	31,109266	28,883008	32,908327	-2,666148	1,205817	1,060750	218693,936201	40,570602	0,008412	-0,025933	0,000000	2,044761	-0,124321	-0,124324	14,074644	-0,008470	6,812812	1,804262
34,200000	7,394445	7,406646	5,835496	0,401876	7,939174	-6719,259530	901,431967	-2991,169670	7,832429	959,950009	31,599985	29,394756	31,110138	28,886503	32,904882	-2,666436	1,201798	1,059639	218763,607257	40,561871	0,008521	-0,025808	0,000000	2,044706	-0,124324	-0,124324	14,075604	-0,008453	6,825043	1,804387
34,400000	7,391070	7,403629	5,845471	0,402085	7,910288	-6613,865888	901,462005	-2991,013068	7,831035	959,913712	31,599235	29,395899	31,106401	28,889416	32,904657	-2,666364	1,199503	1,059200	218786,086018	40,552708	0,008377	-0,025633	0,000000	2,044840	-0,124328	-0,124326	14,075548	-0,008701	6,810980	1,804348
34,600000	7,387630	7,400120	5,860640	0,402555	7,905497	-6596,929819	901,770253	-2990,970523	7,829650	959,880457	31,598051	29,398061	31,107897	28,888358	32,906492	-2,665874	1,200368	1,060249	218791,099016	40,544395	0,008254	-0,025583	0,000000	2,045346	-0,124328	-0,124324	14,075339	-0,008771	6,791645	1,804313
34,800000	7,384393	7,397110	5,844351	0,402856	7,921259	-6586,372147	901,609806	-2991,030755	7,828296	959,891682	31,592766	29,397281	31,109199	28,885334	32,907897	-2,665614	1,202628	1,057432	218822,328767	40,536469	0,008242	-0,025502	0,000000	2,045834	-0,124324	-0,124319	14,075273	-0,008610	6,804107	1,804325
35,000000	7,381458	7,394544	5,835366	0,402528	7,915420	-6437,298171	900,438563	-2991,128087	7,826934	959,888878	31,587536	29,391045	31,108652	28,885893	32,909476	-2,665738	1,202614	1,057457	218863,259306	40,525148	0,008307	-0,025570	0,000000	2,045774	-0,124321	-0,124320	14,075290	-0,008650	6,809209	1,804322
35,200000	7,378398	7,391006	5,837825	0,402382	7,894873	-6225,476492	899,883241	-2991,202844	7,825514	959,844751	31,589066	29,388246	31,108510	28,889418	32,909833	-2,665971	1,200905	1,060461	218884,555194	40,510502	0,008304	-0,025801	0,000000	2,045272	-0,124319	-0,124326	14,075309	-0,009039	6,801483	1,804274
35,400000	7,375103	7,387314	5,827593	0,402674	7,895251	-6035,841312	900,643036	-2991,258535	7,824066	958,927395	31,595403	29,392266	31,105587	28,890126	32,908254	-2,666108	1,200044	1,061083	218903,480390	40,499922	0,008306	-0,025901	0,000000	2,045036	-0,124322	-0,124328	14,067895	-0,009309	6,806752	1,803289
35,600000	7,371739	7,384296	5,822794	0,402746	7,899396	-6000,890560	901,426505	-2991,277771	7,822571	956,867540	31,598248	29,395664	31,102464	28,886310	32,905329	-2,666293	1,201064	1,060754	218909,292567	40,494656	0,008335	-0,025701	0,000000	2,045542	-0,124331	-0,124326	14,050318	-0,008996	6,808058	1,801074
35,800000	7,368459	7,381215	5,827187	0,402573	7,890030	-5986,637534	901,417725	-2991,302617	7,821182	955,447381	31,593937	29,395480	31,104865	28,882232	32,902615	-2,666413	1,202679	1,058954	218816,037594	40,487896	0,008310	-0,025517	0,000000	2,045610	-0,124332	-0,124323	14,037856	-0,008447	6,800087	1,799546
36,000000	7,365534	7,378168	5,838510	0,402515	7,895161	-5838,757635	901,146719	-2991,302033	7,819864	956,210307	31,587505	29,394335	31,107901	28,881359	32,905770	-2,666093	1,203972	1,056763	218678,023519	40,476397	0,008180	-0,025714	0,000000	2,044608	-0,124326	-0,124321	14,044111	-0,008301	6,784505	1,800367
36,200000	7,362685	7,375141	5,846761	0,402692	7,914353	-5801,657986	901,189160	-2991,135632	7,818404	957,637579	31,584477	29,392424	31,109074	28,882957	32,911989	-2,665722	1,205312	1,056773	218682,246250	40,464437	0,008119	-0,025973	0,000000	2,043950	-0,124321	-0,124324	14,056280	-0,008502	6,771930	1,801902
36,400000	7,359403	7,371486	5,835688	0,402817	7,908066	-5989,609055	901,193339	-2991,044911	7,817021	957,141907	31,585873	29,391101	31,105358	28,885385	32,912377	-2,665877	1,206692	1,057753	218802,423731	40,457673	0,008231	-0,025808	0,000000	2,044321	-0,124320	-0,124327	14,052134	-0,008512	6,778764	1,801369
36,600000	7,355930	7,368191	5,830938	0,402926	7,876596	-6076,441480	901,101630	-2991,196698	7,815688	955,829165	31,588050	29,392663	31,098497	28,886259	32,906787	-2,666137	1,207673	1,059676	218842,929372	40,451988	0,008231	-0,025558	0,000000	2,045110	-0,124324	-0,124329	14,040802	-0,008190	6,779667	1,799957
36,800000	7,352739	7,365787	5,838325	0,402948	7,867010	-5787,011326	901,226238	-2991,308490	7,814348	955,431615	31,588279	29,394132	31,101322	28,885736	32,901446	-2,666013	1,208166	1,061136	218723,213928	40,443826	0,008128	-0,025557	0,000000	2,045818	-0,124327	-0,124329	14,037427	-0,008149	6,769046	1,799529
37,000000	7,349592	7,363151	5,832945	0,402428	7,884947	-5474,633944	901,547759	-2991,256253	7,812972	955,490226	31,586174	29,394548	31,109687	28,886282	32,901486	-2,665844	1,209072	1,059311	218551,888292	40,433457	0,008181	-0,025543	0,000000	2,046068	-0,124323	-0,124327	14,038398	-0,008629	6,770689	1,799592
37,200000	7,346176	7,359836	5,809507	0,402370	7,888045	-5431,182915	901,565684	-2991,148856	7,811517	955,538635	31,583911	29,394226	31,110140	28,886989	32,905666	-2,665902	1,210187	1,057739	218478,921968	40,420416	0,008221	-0,025466	0,000000	2,045598	-0,124318	-0,124326	14,039418	-0,009243	6,789160	1,799644
37,400000	7,342804	7,356226	5,795375	0,403293	7,873200	-5353,824813	901,406149	-2991,095998	7,810218	955,514511	31,584013	29,392821	31,103077	28,885177	32,909232	-2,666096	1,211026	1,059170	218493,544332	40,408483	0,008145	-0,025672	0,000000	2,045180	-0,124319	-0,124327	14,039605	-0,009632	6,798222	1,799618
37,600000	7,339661	7,352463	5,804277	0,403095	7,867192	-5274,760015	901,653669	-2991,094091	7,808843	955,511888	31,584705	29,394178	31,098094	28,884504	32,910059	-2,666243	1,211256	1,060776	218499,638373	40,400740	0,008223	-0,026003	0,000000	2,045393	-0,124325	-0,124323	14,039474	-0,009523	6,784805	1,799616
37,800000	7,336391	7,348794	5,797748	0,402182	7,864729	-5526,105287	901,726215	-2991,129353	7,807225	955,565186	31,583339	29,397732	31,099289	28,888955	32,907328	-2,666226	1,209250	1,060768	218499,336486	40,395191	0,008411	-0,025881	0,000000	2,045732	-0,124328	-0,124320	14,039389	-0,008991	6,787357	1,799673
38,000000	7,333063	7,346138	5,778448	0,402741	7,847455	-5908,391600	901,101503	-2991,238522	7,805686	955,652039	31,579243	29,397606	31,101294	28,891486	32,903518	-2,666202	1,206718	1,061145	218542,900086	40,388876	0,008347	-0,025503	0,000000	2,045779	-0,124326	-0,124324	14,039383	-0,008257	6,803529	1,799766
38,200000	7,330175	7,343712	5,780743	0,403287	7,831543	-5951,832025	900,557613	-2991,275579	7,804299	955,692084	31,574926	29,391508	31,101005	28,886253	32,903752	-2,666176	1,207014	1,061204	218629,905415	40,382084	0,008177	-0,025353	0,000000	2,045733	-0,124326	-0,124327	14,039398	-0,007935	6,798231	1,799809
38,400000	7,327482	7,340293	5,788459	0,402486	7,839126	-5608,213136	900,845442	-2991,217473	7,802905	955,655726	31,573299	29,350878	31,100674	28,879337	32,907172	-2,666040	1,210300	1,059677	218655,543463	40,374099	0,008216	-0,025423	0,000000	2,045636	-0,124331	-0,124326	14,039404	-0,008247	6,787285	1,799770
38,600000	7,324542	7,336992	5,801086	0,401897	7,850127	-5263,944294	901,284689	-2991,231115	7,801641	955,617271	31,574971	29,269173	31,102475	28,877821	32,907711	-2,665948	1,212771	1,058382	218599,160460	40,361798	0,008199	-0,025517	0,000000	2,045002	-0,124332	-0,124322	14,039404	-0,008569	6,771821	1,799729
38,800000	7,321205	7,333846	5,819512	0,402296	7,851794	-5101,055550	901,318767	-2991,131124	7,800477	955,606811	31,577441	29,214033	31,104732	28,880714	32,904339	-2,665990	1,211437	1,058131	218622,404852	40,345480	0,008197	-0,025584	0,000000	2,044526	-0,124327	-0,124320	14,039403	-0,008655	6,749519	1,799718
39,000000	7,317772	7,331000	5,821820	0,402683	7,859372	-4986,398554	901,274559	-2990,874735	7,798969	955,620594	31,577120	29,209985	31,103655	28,884334	32,902781	-2,666064	1,209594	1,058997	218714,025200	40,329230	0,008385	-0,025708	0,000000	2,044871	-0,124324	-0,124323	14,039402	-0,008539	6,742273	1,799733
39,200000	7,314678	7,328516	5,806647	0,402779	7,870463	-4894,915960	901,333418	-2990,851616	7,797359	955,632714	31,574891	29,219764	31,100714	28,886298	32,905583	-2,666178	1,209302	1,058777	218799,802146	40,315714	0,008381	-0,025685	0,000000	2,045543	-0,124325	-0,124327	14,039402	-0,008438	6,752755	1,799746
39,400000	7,311907	7,324873	5,791496	0,403154	7,871625	-4824,237570	901,413406	-2991,082322	7,796061	954,735390	31,573661	29,224992	31,102240	28,884521	32,910030	-2,666107	1,209914	1,058441	218887,700854	40,304109	0,008275	-0,025419	0,000000	2,046201	-0,124328	-0,124327	14,031985	-0,008551	6,762845	1,798780
39,600000	7,309304	7,321496	5,799623	0,403643	7,858844	-4717,559913	901,251176	-2991,284998	7,794756	953,513247	31,571563	29,224613	31,108028	28,881075	32,912128	-2,665866	1,210612	1,059486	218907,951253	40,294755	0,008356	-0,025247	0,000000	2,046220	-0,124328	-0,124320	14,021827	-0,008653	6,750576	1,797464
39,800000	7,306397	7,319287	5,799410	0,403316	7,849984	-4676,063850	900,671292	-2991,336712	7,793131	954,130985	31,567457	29,222652	31,111404	28,880569	32,909547	-2,665953	1,211218	1,058875	218830,951038	40,288499	0,008386	-0,025455	0,000000	2,045436	-0,124327	-0,124318	14,026943	-0,008582	6,748065	1,798129
40,000000	7,303196	7,316303	5,778661	0,402420	7,853747	-4861,444475	900,469751	-2991,232368	7,791542	955,497128	31,567688	29,222357	31,107377	28,883345	32,904939	-2,666210	1,212060	1,058386	218711,068697	40,281745	0,008379	-0,025988	0,000000	2,044675	-0,124327	-0,124323	14,038240	-0,008413	6,765102	1,799600
40,200000	7,300159	7,312449	5,781054	0,402734	7,843509	-5089,051980	901,190478	-2991,064787	7,790264	955,888654	31,571840	29,223784	31,099831	28,884373	32,902884	-2,666333	1,212278	1,060823	218606,812865	40,271724	0,008451	-0,026345	0,000000	2,044687	-0,124324	-0,124326	14,041413	-0,008301	6,757686	1,800021
40,400000	7,297068	7,308978	5,797055	0,403474	7,824045	-5099,193421	901,845073	-2990,986166	7,789034	954,862771	31,571677	29,226118	31,096671	28,880919	32,905360	-2,666211	1,212545	1,061933	218530,789898	40,261929	0,008369	-0,026216	0,000000	2,045412	-0,124319	-0,124326	14,032956	-0,008452	6,737167	1,798917
40,600000	7,293701	7,306179	5,788870	0,402944	7,829997	-5108,915147	901,355466	-2991,117417	7,787596	952,617040	31,565446	29,226425	31,100152	28,878275	32,908186	-2,666027	1,213282	1,059665	218516,373120	40,255715	0,008278	-0,025885	0,000000	2,046004	-0,124322	-0,124324	14,014375	-0,008729	6,742058	1,796498
40,800000	7,290532	7,303664	5,764916	0,401978	7,841540	-5317,069550	900,328581	-2991,333337	7,785975	951,097106	31,557781	29,224295	31,107200	28,880438	32,906828	-2,666191	1,214036	1,058132	218566,580103	40,250506	0,008401	-0,025755	0,000000	2,045826	-0,124325	-0,124320	14,001747	-0,008875	6,763249	1,794859
41,000000	7,287847	7,300939	5,761417	0,401550	7,823538	-5561,692144	900,118404	-2991,348892	7,784363	950,967494	31,554418	29,222609	31,108157	28,884470	32,905475	-2,666402	1,213433	1,059646	218649,546830	40,242928	0,008506	-0,025797	0,000000	2,045157	-0,124327	-0,124320	14,000720	-0,008937	6,763316	1,794720
41,200000	7,285109	7,297628	5,779145	0,401863	7,805394	-5698,635763	900,324262	-2991,205137	7,782885	951,209975	31,557225	29,221454	31,101720	28,886267	32,905664	-2,666400	1,212132	1,060881	218755,643039	40,233673	0,008447	-0,025737	0,000000	2,045017	-0,124333	-0,124328	14,002812	-0,008991	6,741235	1,794981
41,400000	7,281823	7,293969	5,782320	0,402624	7,818108	-5805,822460	900,185123	-2991,218956	7,781591	951,340006	31,561908	29,220803	31,096294	28,884705	32,901515	-2,666485	1,212468	1,060009	218783,295312	40,224580	0,008245	-0,025605	0,000000	2,045511	-0,124335	-0,124334	14,003787	-0,008873	6,733468	1,795121
41,600000	7,277993	7,290829	5,756037	0,403088	7,827140	-5915,810781	900,233303	-2991,441904	7,780231	951,366691	31,561829	29,221565	31,098645	28,881731	32,896142	-2,666708	1,212031	1,058371	218703,154701	40,216636	0,008153	-0,025562	0,000000	2,045631	-0,124333	-0,124330	14,003737	-0,008599	6,755842	1,795150
41,800000	7,274307	7,288478	5,746609	0,402769	7,808724	-5808,437518	900,447468	-2991,527151	7,778633	951,347535	31,557301	29,222108	31,109415	28,879096	32,897818	-2,666662	1,210208	1,057899	218640,005983	40,209977	0,008446	-0,025837	0,000000	2,045105	-0,124329	-0,124322	14,003528	-0,008551	6,762487	1,795130
42,000000	7,271621	7,285542	5,783400	0,402428	7,801248	-5526,564689	900,381304	-2991,341353	7,777108	952,209281	31,552792	29,222564	31,114348	28,877470	32,904633	-2,666462	1,207781	1,060039	218659,871745	40,203316	0,008727	-0,026155	0,000000	2,044640	-0,124328	-0,124319	14,010878	-0,008658	6,722350	1,796059
42,200000	7,269279	7,281920	5,799968	0,402683	7,824419	-5543,468044	900,421576	-2991,174397	7,775855	954,309903	31,551747	29,224175	31,107408	28,877751	32,908962	-2,666531	1,204676	1,060951	218729,657801	40,195787	0,008622	-0,026116	0,000000	2,044684	-0,124328	-0,124322	14,028469	-0,008606	6,701560	1,798322
42,400000	7,266498	7,279459	5,776734	0,402639	7,837253	-5945,135978	900,784186	-2991,217234	7,774688	954,931510	31,553727	29,225832	31,101377	28,879916	32,907748	-2,666565	1,203696	1,059398	218818,378840	40,188558	0,008356	-0,026032	0,000000	2,044804	-0,124326	-0,124324	14,033531	-0,008450	6,721189	1,798991
42,600000	7,263706	7,277371	5,771163	0,402079	7,822377	-6216,865923	900,840919	-2991,368168	7,773295	953,003248	31,552198	29,226073	31,103456	28,883374	32,902894	-2,666402	1,205247	1,058587	218849,407940	40,181968	0,008215	-0,026020	0,000000	2,044922	-0,124325	-0,124322	14,017122	-0,008231	6,723966	1,796914
42,800000	7,260824	7,274371	5,768780	0,402091	7,817158	-6163,469603	900,319660	-2991,473975	7,771687	951,303100	31,546898	29,223904	31,109093	28,886002	32,898263	-2,666319	1,207706	1,058722	218729,105768	40,173357	0,008153	-0,025942	0,000000	2,045202	-0,124326	-0,124325	14,002650	-0,008046	6,722630	1,795082
43,000000	7,257638	7,271165	5,748776	0,402641	7,830287	-6153,406694	899,815943	-2991,517241	7,770179	951,047859	31,543616	29,222002	31,110026	28,883370	32,896818	-2,666375	1,208543	1,057744	218543,854024	40,162868	0,008001	-0,025854	0,000000	2,045121	-0,124325	-0,124328	14,000515	-0,008057	6,738275	1,794806
43,200000	7,254608	7,267932	5,740046	0,402520	7,826793	-6324,370290	899,797024	-2991,548071	7,768806	951,289230	31,545230	29,222450	31,104642	28,877194	32,898286	-2,666466	1,207810	1,057187	218508,791092	40,154020	0,007937	-0,025675	0,000000	2,044727	-0,124326	-0,124324	14,002560	-0,008073	6,742757	1,795067
43,400000	7,251606	7,265152	5,763547	0,401904	7,805159	-6297,107411	900,203263	-2991,539210	7,767361	951,419048	31,549001	29,223499	31,099687	28,874613	32,900836	-2,666581	1,208584	1,058374	218638,482235	40,147471	0,008080	-0,025575	0,000000	2,044581	-0,124328	-0,124320	14,003734	-0,008155	6,715796	1,795207
43,600000	7,248472	7,262543	5,792717	0,401987	7,809146	-5956,567634	900,590387	-2991,473315	7,765873	951,406671	31,549724	29,224255	31,098003	28,878522	32,900331	-2,666752	1,209747	1,059827	218736,204741	40,141691	0,008280	-0,025826	0,000000	2,044554	-0,124327	-0,124325	14,003767	-0,008293	6,683777	1,795193
43,800000	7,245440	7,259357	5,782074	0,402602	7,837914	-5811,304396	900,552807	-2991,400710	7,764478	951,367983	31,546288	29,224207	31,098308	28,884782	32,898404	-2,666802	1,209535	1,060522	218775,222298	40,135235	0,008315	-0,026056	0,000000	2,044969	-0,124326	-0,124331	14,003550	-0,008400	6,690628	1,795152
44,000000	7,242416	7,256691	5,759009	0,402540	7,835994	-5930,650349	900,158322	-2991,331876	7,763096	952,205524	31,542028	29,223355	31,101008	28,885798	32,901798	-2,666633	1,207203	1,057848	218787,145065	40,127859	0,008108	-0,025949	0,000000	2,045915	-0,124324	-0,124330	14,010880	-0,008692	6,710172	1,796054
44,200000	7,239704	7,254147	5,770236	0,401888	7,810736	-5847,428023	900,040855	-2991,334276	7,761658	954,288793	31,541283	29,223563	31,103412	28,881190	32,907812	-2,666420	1,205335	1,054261	218686,722392	40,119783	0,007969	-0,025727	0,000000	2,045985	-0,124321	-0,124326	14,028466	-0,008780	6,695659	1,798299
44,400000	7,237425	7,250407	5,780655	0,401410	7,818297	-5652,836794	900,299926	-2991,466240	7,760383	955,819912	31,543399	29,224624	31,107550	28,877590	32,910067	-2,666371	1,206639	1,055189	218531,438045	40,111287	0,008024	-0,025619	0,000000	2,045031	-0,124323	-0,124326	14,040946	-0,008411	6,680973	1,799947
44,600000	7,234851	7,247319	5,761986	0,401388	7,836276	-5624,501773	900,621216	-2991,529829	7,759196	955,127695	31,544706	29,225366	31,112859	28,877901	32,905514	-2,666580	1,208881	1,060223	218485,651598	40,104697	0,008144	-0,025628	0,000000	2,044203	-0,124326	-0,124329	14,034697	-0,007970	6,695938	1,799202
44,800000	7,231778	7,245567	5,758587	0,401857	7,813230	-5548,074679	900,871396	-2991,434315	7,757738	953,704189	31,543997	29,225208	31,109090	28,879356	32,898396	-2,666924	1,210378	1,063705	218582,899271	40,100318	0,008301	-0,025739	0,000000	2,044292	-0,124325	-0,124330	14,022527	-0,007750	6,697072	1,797669
45,000000	7,228746	7,243079	5,776360	0,402307	7,786008	-5332,265217	900,840971	-2991,359222	7,756101	954,183679	31,544107	29,223197	31,101546	28,880183	32,896496	-2,667024	1,210480	1,060393	218704,851366	40,094143	0,008325	-0,025876	0,000000	2,045111	-0,124326	-0,124329	14,026671	-0,007867	6,676307	1,798186
45,200000	7,225774	7,239468	5,772856	0,402805	7,804749	-5185,460442	900,583373	-2991,417731	7,754599	955,489590	31,544446	29,222633	31,101505	28,879441	32,899174	-2,666694	1,211437	1,055610	218784,935380	40,084735	0,008084	-0,025986	0,000000	2,045647	-0,124330	-0,124327	14,038002	-0,008238	6,675280	1,799592
45,400000	7,222661	7,236167	5,750995	0,402849	7,823924	-5175,858829	899,878982	-2991,551983	7,753223	955,867655	31,540044	29,222517	31,108130	28,877137	32,902202	-2,666397	1,212971	1,055494	218845,573783	40,076448	0,007886	-0,026164	0,000000	2,045870	-0,124333	-0,124327	14,041378	-0,008443	6,693009	1,799998
45,600000	7,219762	7,234110	5,753796	0,401908	7,800615	-5211,525334	899,080110	-2991,712706	7,751883	955,769393	31,534493	29,219184	31,113348	28,877546	32,903201	-2,666445	1,212209	1,057287	218866,151138	40,071980	0,007952	-0,026132	0,000000	2,045985	-0,124331	-0,124328	14,040407	-0,008295	6,688000	1,799893
45,800000	7,217077	7,231854	5,768186	0,401680	7,790250	-5278,357934	899,226090	-2991,772182	7,750566	954,778609	31,534393	29,217881	31,110654	28,881266	32,902487	-2,666531	1,210608	1,059605	218838,412993	40,066630	0,008132	-0,025844	0,000000	2,045650	-0,124330	-0,124331	14,031969	-0,008172	6,671005	1,798826
46,000000	7,214253	7,228365	5,753657	0,402388	7,820273	-5638,800158	899,832351	-2991,643252	7,749143	952,646053	31,539518	29,221101	31,103118	28,883632	32,901856	-2,666556	1,209639	1,059891	218808,158191	40,057221	0,008298	-0,025807	0,000000	2,045189	-0,124331	-0,124333	14,014207	-0,008317	6,680730	1,796529
46,200000	7,211427	7,224978	5,734055	0,402709	7,821689	-6135,671492	900,252643	-2991,504140	7,747748	952,035645	31,544082	29,224713	31,099987	28,881652	32,900669	-2,666683	1,210045	1,057726	218782,911391	40,048279	0,008363	-0,025979	0,000000	2,045373	-0,124333	-0,124332	14,009296	-0,008535	6,695798	1,795871
46,400000	7,208657	7,222470	5,741010	0,402372	7,783326	-6276,185686	900,486410	-2991,450689	7,746520	953,983596	31,541898	29,225541	31,103475	28,877753	32,899166	-2,666778	1,210872	1,057272	218693,485550	40,042546	0,008385	-0,025982	0,000000	2,045669	-0,124330	-0,124331	14,025794	-0,008670	6,685936	1,797970
46,600000	7,205822	7,220427	5,751716	0,401652	7,775012	-6231,947711	900,208186	-2991,457367	7,745092	955,684365	31,534657	29,223560	31,104989	28,876141	32,902367	-2,666726	1,210540	1,059257	218592,971775	40,037505	0,008440	-0,025980	0,000000	2,045290	-0,124324	-0,124329	14,040269	-0,008871	6,672894	1,799801
46,800000	7,202969	7,217843	5,745146	0,401596	7,797019	-6274,840637	899,646611	-2991,437930	7,743336	955,910509	31,529460	29,221128	31,106648	28,876909	32,908760	-2,666713	1,210384	1,059641	218601,303718	40,029912	0,008490	-0,026118	0,000000	2,044762	-0,124322	-0,124329	14,042387	-0,009092	6,676126	1,800044
47,000000	7,200381	7,214661	5,734623	0,402184	7,790762	-6216,411187	899,417664	-2991,369451	7,741758	954,805034	31,529078	29,220803	31,106361	28,878201	32,908586	-2,666836	1,211067	1,057939	218659,813373	40,019145	0,008454	-0,026116	0,000000	2,044745	-0,124324	-0,124333	14,032919	-0,008899	6,682183	1,798855
47,200000	7,197934	7,211926	5,736097	0,402750	7,769756	-5882,333541	899,600612	-2991,346007	7,740508	953,509165	31,531784	29,222538	31,098767	28,879262	32,901403	-2,666973	1,212760	1,057164	218676,781844	40,009223	0,008274	-0,025801	0,000000	2,045238	-0,124326	-0,124339	14,021587	-0,008448	6,676625	1,797459
47,400000	7,195009	7,209443	5,735737	0,403252	7,782018	-5536,695686	899,876206	-2991,383233	7,739278	954,118476	31,534407	29,223749	31,098004	28,879272	32,894340	-2,666975	1,214252	1,057671	218662,967513	40,002763	0,008106	-0,025518	0,000000	2,045392	-0,124329	-0,124336	14,026672	-0,008416	6,673837	1,798115
47,600000	7,191791	7,206791	5,731769	0,403026	7,800015	-5725,763828	899,994494	-2991,492427	7,737862	955,432095	31,531539	29,224205	31,103868	28,877717	32,892086	-2,666944	1,213187	1,059278	218660,408037	39,997145	0,008066	-0,025737	0,000000	2,045077	-0,124330	-0,124329	14,038186	-0,008905	6,674799	1,799530
47,800000	7,188907	7,203731	5,734797	0,402431	7,782851	-6221,889124	899,728259	-2991,605256	7,736244	955,759500	31,525769	29,223700	31,104784	28,875869	32,894428	-2,666987	1,211111	1,059448	218660,850287	39,989757	0,008117	-0,026115	0,000000	2,044985	-0,124331	-0,124326	14,041446	-0,009418	6,668100	1,799882
48,000000	7,186485	7,200828	5,738567	0,402509	7,758519	-6275,153236	899,711644	-2991,618109	7,734658	954,731639	31,526835	29,222848	31,102933	28,874622	32,898406	-2,667004	1,210250	1,058182	218642,041319	39,981022	0,008256	-0,026120	0,000000	2,045078	-0,124330	-0,124327	14,032978	-0,009575	6,660523	1,798776
48,200000	7,184195	7,198606	5,745937	0,402532	7,760795	-5863,243919	900,428912	-2991,547532	7,733285	952,522872	31,532103	29,223067	31,103677	28,876472	32,902058	-2,666912	1,210027	1,057126	218628,163226	39,972908	0,008278	-0,025932	0,000000	2,045196	-0,124331	-0,124328	14,014377	-0,009522	6,650091	1,796396
48,400000	7,181648	7,195847	5,750161	0,401908	7,775478	-5430,751354	900,815212	-2991,515152	7,732039	951,907586	31,532627	29,223444	31,108092	28,882046	32,902848	-2,666784	1,207595	1,057690	218623,982363	39,965120	0,008046	-0,025692	0,000000	2,045302	-0,124335	-0,124327	14,009161	-0,009476	6,642476	1,795733
48,600000	7,178824	7,192773	5,747657	0,401831	7,772702	-5240,348275	900,524823	-2991,548514	7,730784	953,894317	31,527390	29,224760	31,112120	28,885247	32,901223	-2,666740	1,205551	1,059319	218622,476014	39,956195	0,008009	-0,025495	0,000000	2,045503	-0,124334	-0,124329	14,025710	-0,009337	6,641025	1,797874
48,800000	7,176144	7,190535	5,733615	0,402153	7,762223	-5124,757549	900,255008	-2991,531298	7,729413	955,651803	31,521895	29,226154	31,111881	28,882770	32,900910	-2,666632	1,207909	1,059945	218652,457467	39,946871	0,008244	-0,025563	0,000000	2,045832	-0,124332	-0,124331	14,040265	-0,009140	6,651486	1,799766
49,000000	7,173649	7,188370	5,725247	0,401726	7,770039	-4920,103846	900,279237	-2991,472467	7,727816	955,907825	31,520274	29,225029	31,109725	28,876947	32,903059	-2,666420	1,210561	1,059275	218669,912371	39,938222	0,008316	-0,025658	0,000000	2,045648	-0,124336	-0,124329	14,042402	-0,009130	6,656547	1,800042
49,200000	7,170716	7,185285	5,736003	0,401336	7,779356	-4842,952005	900,455177	-2991,532893	7,726192	954,797577	31,521334	29,223032	31,108620	28,872543	32,903765	-2,666381	1,211937	1,057554	218601,893388	39,929561	0,008207	-0,025542	0,000000	2,044732	-0,124337	-0,124326	14,032925	-0,008968	6,641971	1,798847
49,400000	7,167396	7,181968	5,726111	0,401722	7,773226	-5062,638531	900,301362	-2991,610356	7,724729	953,519546	31,522571	29,222812	31,107970	28,874455	32,899186	-2,666698	1,213951	1,056457	218542,493172	39,919973	0,008111	-0,025532	0,000000	2,044249	-0,124333	-0,124322	14,021587	-0,008360	6,647448	1,797470
49,600000	7,164366	7,179651	5,700772	0,402203	7,761228	-5396,873418	899,832828	-2991,512900	7,723431	954,177317	31,521635	29,224061	31,106033	28,879537	32,894697	-2,667136	1,215024	1,057312	218546,335456	39,911024	0,008155	-0,025730	0,000000	2,044599	-0,124329	-0,124320	14,026670	-0,007920	6,669166	1,798179
49,800000	7,161744	7,177348	5,692608	0,402341	7,746227	-5490,758834	899,644649	-2991,483498	7,722147	955,505582	31,518767	29,225481	31,101473	28,881326	32,896474	-2,667321	1,213555	1,058640	218507,225229	39,903202	0,008162	-0,025801	0,000000	2,045174	-0,124329	-0,124324	14,038186	-0,008288	6,673989	1,799609
50,000000	7,159316	7,173933	5,690018	0,402244	7,735630	-5300,450618	899,924184	-2991,667034	7,720613	955,808343	31,516379	29,225388	31,099361	28,880248	32,901319	-2,667132	1,212026	1,059368	218421,837041	39,894174	0,008002	-0,025778	0,000000	2,045811	-0,124333	-0,124328	14,041446	-0,009008	6,672227	1,799935
50,200000	7,156927	7,171015	5,697737	0,402087	7,735208	-5145,352068	900,003023	-2991,781524	7,719139	954,776646	31,514957	29,222395	31,103932	28,877544	32,902841	-2,666827	1,213633	1,058193	218409,444612	39,884369	0,008038	-0,025816	0,000000	2,045740	-0,124335	-0,124327	14,032979	-0,009198	6,660673	1,798824
50,400000	7,154380	7,168621	5,707989	0,401868	7,737209	-5238,179860	899,520230	-2991,688452	7,717832	953,472724	31,513489	29,218820	31,107749	28,874978	32,899755	-2,666832	1,215117	1,056129	218486,177951	39,875470	0,008296	-0,026004	0,000000	2,044948	-0,124332	-0,124326	14,021794	-0,008960	6,647206	1,797420
50,600000	7,151606	7,165703	5,706703	0,401492	7,735432	-5458,008520	899,200511	-2991,564248	7,716306	954,075928	31,513588	29,218117	31,103815	28,877535	32,895725	-2,667005	1,212959	1,056857	218519,405743	39,865920	0,008425	-0,026089	0,000000	2,044463	-0,124327	-0,124324	14,026736	-0,008838	6,644439	1,798070
50,800000	7,148670	7,162793	5,708594	0,401605	7,729460	-5493,861624	899,638706	-2991,476372	7,714692	955,432928	31,515875	29,220896	31,097109	28,881071	32,893783	-2,667040	1,209761	1,059106	218448,988394	39,855815	0,008399	-0,025952	0,000000	2,044533	-0,124324	-0,124322	14,038170	-0,008882	6,638298	1,799531
51,000000	7,145687	7,159935	5,710635	0,402141	7,730526	-5236,460479	900,231448	-2991,411637	7,713288	956,684219	31,515222	29,224418	31,096332	28,878336	32,895190	-2,666994	1,210028	1,060392	218361,060814	39,847061	0,008305	-0,025966	0,000000	2,044942	-0,124327	-0,124323	14,048844	-0,009060	6,632394	1,800877
51,200000	7,142912	7,157355	5,710135	0,402138	7,738113	-5040,933194	899,947653	-2991,470316	7,712003	957,735185	31,509137	29,224328	31,101586	28,873630	32,897504	-2,667088	1,213933	1,059321	218344,399390	39,839155	0,008153	-0,025965	0,000000	2,045323	-0,124331	-0,124327	14,057967	-0,009372	6,629591	1,802007
51,400000	7,140441	7,155320	5,703361	0,401673	7,734467	-5047,271978	899,043909	-2991,602007	7,710650	956,987132	31,503056	29,222238	31,105617	28,874151	32,898524	-2,667211	1,215524	1,056822	218350,168819	39,830757	0,008013	-0,025918	0,000000	2,045150	-0,124329	-0,124330	14,051831	-0,009506	6,633380	1,801203
51,600000	7,137949	7,153015	5,701991	0,401429	7,730175	-4985,038248	898,815873	-2991,662420	7,709164	955,647637	31,501821	29,222406	31,104810	28,878975	32,900761	-2,667018	1,213675	1,055895	218340,403717	39,820681	0,007995	-0,026047	0,000000	2,045006	-0,124326	-0,124331	14,040360	-0,009270	6,631159	1,799762
51,800000	7,135300	7,149774	5,707200	0,401594	7,740814	-5070,865667	899,169359	-2991,655768	7,707481	955,325006	31,503297	29,223028	31,102583	28,881233	32,901491	-2,666849	1,211426	1,056600	218404,930464	39,808958	0,008122	-0,026138	0,000000	2,045882	-0,124326	-0,124330	14,037322	-0,008940	6,621348	1,799414
52,000000	7,132422	7,146302	5,691009	0,402020	7,743556	-5486,652226	899,129973	-2991,710115	7,705941	954,592856	31,503645	29,222526	31,099114	28,878319	32,896323	-2,667028	1,210703	1,057484	218491,869023	39,797925	0,008195	-0,025983	0,000000	2,046539	-0,124330	-0,124331	14,031029	-0,008791	6,632659	1,798626
52,200000	7,129418	7,144007	5,672382	0,402503	7,718670	-5751,200592	899,091555	-2991,830346	7,704780	952,607086	31,501677	29,222296	31,099858	28,873307	32,891005	-2,667184	1,211490	1,058391	218445,497944	39,789838	0,008086	-0,025778	0,000000	2,046027	-0,124333	-0,124333	14,014464	-0,008901	6,647997	1,796487
52,400000	7,126794	7,142147	5,674620	0,402679	7,695953	-5764,518976	899,274173	-2991,830355	7,703522	952,003193	31,497985	29,222408	31,107736	28,870344	32,891488	-2,667062	1,211934	1,057386	218300,803368	39,782112	0,008159	-0,025846	0,000000	2,045313	-0,124333	-0,124332	14,009575	-0,009086	6,643126	1,795836
52,600000	7,124343	7,139259	5,677716	0,402478	7,705763	-5740,062275	899,171991	-2991,734289	7,702065	953,931037	31,493237	29,222367	31,107167	28,871195	32,897338	-2,667065	1,213153	1,057821	218218,497789	39,771228	0,008475	-0,025952	0,000000	2,045027	-0,124332	-0,124328	14,025846	-0,009164	6,635854	1,797914
52,800000	7,121777	7,136287	5,684759	0,402155	7,718092	-5687,066943	898,907640	-2991,633828	7,700660	955,639519	31,491068	29,222141	31,096508	28,874768	32,902581	-2,667371	1,214534	1,060173	218232,196011	39,759236	0,008570	-0,025944	0,000000	2,044952	-0,124330	-0,124327	14,040234	-0,009212	6,624197	1,799753
53,000000	7,119223	7,134180	5,694069	0,402029	7,708949	-5608,503248	898,965449	-2991,569309	7,699290	955,906399	31,492697	29,222826	31,091125	28,878021	32,901678	-2,667413	1,214757	1,058254	218263,602096	39,749296	0,008421	-0,025956	0,000000	2,044889	-0,124328	-0,124329	14,042364	-0,009104	6,611465	1,800040
53,200000	7,116363	7,132014	5,690411	0,402092	7,714018	-5365,000627	899,359511	-2991,626803	7,697937	956,550422	31,492378	29,223847	31,097764	28,878120	32,896999	-2,667108	1,214470	1,055941	218299,354600	39,740208	0,008089	-0,025931	0,000000	2,045074	-0,124329	-0,124328	14,047751	-0,009089	6,611933	1,800733
53,400000	7,113469	7,128914	5,694006	0,402221	7,735526	-5000,014712	899,326998	-2991,752232	7,696620	958,472756	31,488784	29,222862	31,108323	28,876773	32,893168	-2,666915	1,212574	1,057212	218360,753638	39,729301	0,007751	-0,025939	0,000000	2,045285	-0,124328	-0,124326	14,064159	-0,009382	6,604294	1,802800
53,600000	7,111304	7,125882	5,709502	0,402543	7,732028	-4793,506936	898,630348	-2991,824451	7,695181	959,061830	31,485432	29,220720	31,111111	28,874614	32,893316	-2,666881	1,210460	1,059097	218416,815279	39,717911	0,007888	-0,025837	0,000000	2,045380	-0,124332	-0,124328	14,069168	-0,009455	6,584774	1,803433
53,800000	7,109131	7,123436	5,706417	0,402401	7,720619	-4816,738135	898,272049	-2991,809283	7,693611	957,147681	31,485889	29,219829	31,105740	28,870785	32,896444	-2,666874	1,210764	1,060326	218454,565121	39,708147	0,008197	-0,025574	0,000000	2,045426	-0,124339	-0,124329	14,052971	-0,009300	6,584104	1,801375
54,000000	7,106371	7,121166	5,688817	0,401777	7,729457	-5065,104908	898,672332	-2991,741168	7,692142	955,437199	31,489844	29,221001	31,099522	28,869076	32,898284	-2,666995	1,211913	1,059702	218461,715224	39,699603	0,008186	-0,025557	0,000000	2,044983	-0,124337	-0,124327	14,038588	-0,009264	6,598024	1,799535
54,200000	7,103893	7,118799	5,671975	0,401766	7,731968	-5366,845230	899,046263	-2991,684704	7,690895	955,208801	31,489977	29,219604	31,100042	28,873300	32,896554	-2,667185	1,212347	1,056083	218439,124295	39,690747	0,008007	-0,025702	0,000000	2,044453	-0,124329	-0,124329	14,036444	-0,009037	6,611343	1,799289
54,400000	7,101880	7,116081	5,653052	0,402283	7,715202	-5361,636441	898,947321	-2991,677285	7,689723	955,493653	31,483280	29,206314	31,105164	28,879894	32,894926	-2,667148	1,212489	1,054121	218506,723923	39,680289	0,007936	-0,025713	0,000000	2,044642	-0,124328	-0,124336	14,038469	-0,008671	6,626617	1,799596
54,600000	7,099548	7,112955	5,656259	0,402864	7,698756	-5111,856050	898,785650	-2991,712568	7,688238	956,505793	31,476771	29,185973	31,106498	28,881285	32,898068	-2,666990	1,212898	1,055962	218615,861759	39,668963	0,008182	-0,025750	0,000000	2,045394	-0,124333	-0,124340	14,047054	-0,008766	6,619457	1,800685
54,800000	7,096740	7,109719	5,679844	0,402938	7,691134	-4893,630268	898,902099	-2991,870652	7,686513	958,572735	31,475111	29,175211	31,100693	28,876106	32,902451	-2,666985	1,213119	1,059034	218557,536402	39,657625	0,008512	-0,025792	0,000000	2,045848	-0,124332	-0,124336	14,064664	-0,009050	6,591639	1,802907
55,000000	7,094085	7,107579	5,696637	0,402310	7,689507	-4842,374246	899,316749	-2992,099044	7,684966	960,026297	31,475317	29,176681	31,100384	28,869884	32,902514	-2,667039	1,212885	1,060249	218411,015632	39,646327	0,008506	-0,025789	0,000000	2,045650	-0,124327	-0,124334	14,076908	-0,009118	6,571432	1,804469
55,200000	7,091648	7,106112	5,691849	0,401932	7,696351	-5009,874772	899,532498	-2992,031428	7,683668	960,172123	31,474778	29,181163	31,108967	28,867257	32,897979	-2,667132	1,212022	1,059215	218353,518974	39,635334	0,008261	-0,025922	0,000000	2,045129	-0,124325	-0,124333	14,077984	-0,008973	6,573215	1,804626
55,400000	7,088977	7,103440	5,674390	0,402059	7,708506	-5150,283317	899,074223	-2991,714092	7,682303	959,070604	31,473017	29,182072	31,107250	28,868636	32,892945	-2,667322	1,211679	1,057681	218379,412394	39,623562	0,008201	-0,026173	0,000000	2,044573	-0,124326	-0,124331	14,068567	-0,008781	6,586246	1,803442
55,600000	7,086087	7,100217	5,671164	0,402151	7,708879	-4987,682188	898,755972	-2991,560943	7,680733	956,828801	31,471202	29,180336	31,099218	28,872298	32,892138	-2,667311	1,212203	1,056314	218424,010726	39,610273	0,008230	-0,026319	0,000000	2,044576	-0,124330	-0,124330	14,050042	-0,009045	6,584463	1,801032
55,800000	7,083465	7,097623	5,680927	0,402498	7,702444	-4678,381827	899,323857	-2991,624910	7,679368	956,130190	31,470500	29,180544	31,097541	28,873717	32,895335	-2,666975	1,211966	1,055397	218447,529628	39,598365	0,008170	-0,026206	0,000000	2,045297	-0,124333	-0,124331	14,045040	-0,009903	6,570697	1,800281
56,000000	7,081170	7,094348	5,677894	0,402821	7,708341	-4671,157085	899,665976	-2991,810349	7,678248	958,028836	31,467626	29,181405	31,102491	28,871078	32,898342	-2,666749	1,211892	1,056457	218431,864237	39,589425	0,008222	-0,026051	0,000000	2,045888	-0,124334	-0,124331	14,061654	-0,010597	6,569629	1,802323
56,200000	7,078791	7,090475	5,670117	0,402214	7,711303	-5026,547941	899,120810	-2991,987675	7,676953	958,897864	31,462979	29,179148	31,108917	28,871501	32,898506	-2,666858	1,211122	1,059187	218417,595649	39,581311	0,008200	-0,026046	0,000000	2,045441	-0,124330	-0,124328	14,068773	-0,010434	6,572992	1,803257
56,400000	7,076271	7,087388	5,676826	0,401809	7,704323	-5255,521364	898,710729	-2991,925557	7,675546	957,120691	31,462233	29,175900	31,108442	28,876228	32,897268	-2,667046	1,210009	1,059957	218441,336872	39,574345	0,008116	-0,026003	0,000000	2,044642	-0,124323	-0,124331	14,053316	-0,009871	6,562772	1,801346
56,600000	7,073379	7,084490	5,692596	0,402382	7,715134	-5284,066401	898,883874	-2991,692995	7,674178	955,432638	31,466197	29,175079	31,103183	28,878261	32,896011	-2,667124	1,211288	1,057158	218464,566514	39,569018	0,008256	-0,025897	0,000000	2,044570	-0,124321	-0,124339	14,038793	-0,009507	6,543954	1,799530
56,800000	7,069995	7,081492	5,707937	0,402944	7,741257	-5312,170460	899,365427	-2991,549558	7,672787	955,171649	31,469982	29,177348	31,097588	28,875449	32,894141	-2,667191	1,213738	1,054149	218477,301200	39,563111	0,008435	-0,025902	0,000000	2,045090	-0,124326	-0,124340	14,036453	-0,009357	6,525392	1,799249
57,000000	7,066783	7,079351	5,721345	0,402909	7,756501	-5195,672347	899,705682	-2991,578357	7,671380	955,415766	31,469453	29,179613	31,096909	28,870225	32,893359	-2,667276	1,214386	1,054870	218435,093607	39,555445	0,008404	-0,025908	0,000000	2,045638	-0,124331	-0,124330	14,038432	-0,009288	6,509299	1,799512
57,200000	7,063805	7,077240	5,737076	0,402412	7,763590	-5000,208426	899,583378	-2991,721931	7,669856	955,539158	31,464986	29,179826	31,103522	28,867387	32,897936	-2,667201	1,212112	1,057224	218342,360433	39,545709	0,008365	-0,025926	0,000000	2,045485	-0,124331	-0,124324	14,039621	-0,009442	6,490916	1,799645
57,400000	7,060751	7,074364	5,742759	0,402111	7,778576	-4896,167163	899,303786	-2991,753241	7,668299	955,510810	31,459636	29,179409	31,109741	28,869396	32,906345	-2,666983	1,210439	1,059888	218330,858172	39,534076	0,008355	-0,026110	0,000000	2,045073	-0,124328	-0,124328	14,039673	-0,009732	6,481360	1,799614
57,600000	7,057953	7,071425	5,743994	0,402417	7,790117	-4932,351650	899,005528	-2991,582673	7,666874	955,502855	31,457073	29,177997	31,105939	28,872738	32,908929	-2,666973	1,210581	1,060928	218376,602570	39,522438	0,008208	-0,026134	0,000000	2,045169	-0,124326	-0,124332	14,039460	-0,009585	6,475849	1,799606
57,800000	7,055317	7,068369	5,749426	0,402600	7,787173	-5069,030049	898,912011	-2991,512161	7,665459	955,570820	31,458251	29,176593	31,097609	28,873263	32,902597	-2,667261	1,209956	1,058914	218391,718642	39,512671	0,008071	-0,025881	0,000000	2,045597	-0,124325	-0,124331	14,039370	-0,008925	6,466426	1,799679
58,000000	7,052534	7,065389	5,749013	0,402244	7,788948	-5080,671897	899,196258	-2991,622944	7,664050	956,521174	31,460394	29,172973	31,101800	28,871504	32,894957	-2,667325	1,209860	1,056959	218394,239744	39,504914	0,008050	-0,025826	0,000000	2,046029	-0,124324	-0,124328	14,046797	-0,008380	6,463330	1,800701
58,200000	7,049788	7,062674	5,750487	0,401613	7,801882	-5069,951084	899,447981	-2991,682823	7,662594	957,720624	31,458745	29,159605	31,112955	28,869979	32,892541	-2,667008	1,210586	1,056639	218411,176350	39,498077	0,008229	-0,025942	0,000000	2,045967	-0,124327	-0,124324	14,056976	-0,008502	6,459151	1,801991
58,400000	7,047151	7,059801	5,757101	0,401422	7,803660	-5208,721990	899,280287	-2991,641968	7,661037	957,059197	31,454433	29,140602	31,114151	28,868618	32,894774	-2,666891	1,211400	1,056498	218427,514069	39,490350	0,008391	-0,025883	0,000000	2,045315	-0,124329	-0,124323	14,051866	-0,008937	6,449691	1,801280
58,600000	7,044496	7,057394	5,758249	0,402089	7,793560	-5267,129639	899,125980	-2991,574450	7,659623	955,699821	31,454472	29,131506	31,105879	28,866741	32,898399	-2,667103	1,211136	1,057197	218417,465167	39,481323	0,008400	-0,025770	0,000000	2,044720	-0,124328	-0,124326	14,040567	-0,009039	6,445211	1,799818
58,800000	7,041715	7,055134	5,760762	0,402160	7,792978	-5300,795157	899,500180	-2991,577605	7,658382	955,336200	31,457275	29,134417	31,101192	28,867863	32,900916	-2,667212	1,209344	1,057683	218399,535539	39,472258	0,008382	-0,025682	0,000000	2,044603	-0,124328	-0,124326	14,037392	-0,008916	6,439357	1,799426
59,000000	7,038967	7,052146	5,758192	0,401724	7,803682	-5409,476914	899,843938	-2991,704943	7,657060	955,466099	31,456787	29,137736	31,105590	28,873298	32,900484	-2,667126	1,209300	1,055886	218390,903441	39,464221	0,008247	-0,025675	0,000000	2,044872	-0,124326	-0,124324	14,038432	-0,008865	6,438127	1,799566
59,200000	7,036289	7,049537	5,751754	0,402136	7,807572	-5462,529817	899,761054	-2991,816232	7,655573	956,489280	31,452245	29,137869	31,112686	28,877398	32,898050	-2,666974	1,211499	1,055489	218405,761862	39,457593	0,008250	-0,025838	0,000000	2,045364	-0,124322	-0,124327	14,046855	-0,008705	6,441252	1,800667
59,400000	7,033466	7,047627	5,745038	0,402702	7,800228	-5508,568238	899,427696	-2991,808859	7,654005	958,622106	31,446336	29,137269	31,116088	28,876418	32,896728	-2,666874	1,212752	1,058297	218444,734399	39,452468	0,008443	-0,025928	0,000000	2,045683	-0,124327	-0,124332	14,064598	-0,008570	6,445391	1,802960
59,600000	7,030544	7,044893	5,736672	0,402658	7,795851	-5487,917299	899,148358	-2991,824226	7,652423	959,177796	31,442732	29,136356	31,113984	28,871229	32,898328	-2,666871	1,211082	1,059091	218445,457924	39,447616	0,008569	-0,025950	0,000000	2,045495	-0,124333	-0,124329	14,069505	-0,008822	6,450393	1,803558
59,800000	7,027834	7,041183	5,745061	0,402126	7,795696	-5321,774805	898,807156	-2991,937382	7,651029	957,140405	31,442337	29,135447	31,112621	28,866927	32,899955	-2,666912	1,209600	1,057910	218372,079889	39,441664	0,008459	-0,026064	0,000000	2,044657	-0,124332	-0,124325	14,053010	-0,009400	6,438400	1,801368
60,000000	7,025458	7,038525	5,763725	0,401731	7,793124	-5225,535376	898,423292	-2991,946139	7,649854	955,348514	31,443579	29,134560	31,115401	28,868285	32,898198	-2,667020	1,211217	1,057691	218322,678036	39,436590	0,008156	-0,026076	0,000000	2,043946	-0,124327	-0,124326	14,038536	-0,009956	6,417731	1,799440
60,200000	7,022898	7,036710	5,758902	0,402026	7,801739	-5334,544391	898,633639	-2991,690831	7,648472	955,972056	31,443684	29,134469	31,116040	28,872661	32,895042	-2,667108	1,213505	1,056429	218367,415178	39,434613	0,008154	-0,025983	0,000000	2,044269	-0,124326	-0,124328	14,043835	-0,010024	6,420559	1,800111
