LabVIEW Measurement	
Writer_Version	2
Reader_Version	2
Separator	Tab
Decimal_Separator	,
Multi_Headings	No
X_Columns	One
Time_Pref	Absolute
Operator	Pos-Oscar
Date	2025/03/10
Time	11:17:54,1237699700584659684
***End_of_Header***	
	
Channels	30																														
Samples	1	1	1	1	1	1	1	1	1	1	1	1	1	1	1	1	1	1	1	1	1	1	1	1	1	1	1	1	1	1	
Date	2025/03/10	2025/03/10	2025/03/10	2025/03/10	2025/03/10	2025/03/10	2025/03/10	2025/03/10	2025/03/10	2025/03/10	2025/03/10	2025/03/10	2025/03/10	2025/03/10	2025/03/10	2025/03/10	2025/03/10	2025/03/10	2025/03/10	2025/03/10	2025/03/10	2025/03/10	2025/03/10	2025/03/10	2025/03/10	2025/03/10	2025/03/10	2025/03/10	2025/03/10	2025/03/10	
Time	15:44:05,9239570906902665932	15:44:05,9239633279903794368	15:44:05,9237824446572924693	15:44:05,9238136313906873305	15:44:05,9238448183569128354	15:44:05,9238884796905333836	15:44:05,9238572929571385224	15:44:05,9238822423904205401	15:44:05,9238323435238565047	15:44:05,9238884796905333836	15:44:05,9238635302572513659	15:44:05,9238572929571385224	15:44:05,9238760050903076966	15:44:05,9239071918237025578	15:44:05,923938378557097419	15:44:05,9238697675573642094	15:44:05,9237699700570667823	15:44:05,9237762073571796258	15:44:05,9238884796905333836	15:44:05,9237699700570667823	15:44:05,9237762073571796258	15:44:05,9237824446572924693	15:44:05,9237824446572924693	15:44:05,9237886819574053128	15:44:05,9237949194903488	15:44:05,9238011567904616435	15:44:05,9238323435238565047	15:44:05,9238385808239693482	15:44:05,9238385808239693482	15:44:05,9238385808239693482	
Y_Unit_Label	Volts	Volts	Volts	Volts	Volts	Volts	Volts	Volts	Volts	Volts	Volts	Volts	Volts	Volts	Volts	Volts	Volts	Volts	Volts	Volts	Volts	Volts	Volts	Volts	Volts	Volts	Volts	Volts	Volts	Volts	
X_Dimension	Time	Time	Time	Time	Time	Time	Time	Time	Time	Time	Time	Time	Time	Time	Time	Time	Time	Time	Time	Time	Time	Time	Time	Time	Time	Time	Time	Time	Time	Time	
X0	0,0000000000000000E+0	0,0000000000000000E+0	0,0000000000000000E+0	0,0000000000000000E+0	0,0000000000000000E+0	0,0000000000000000E+0	0,0000000000000000E+0	0,0000000000000000E+0	0,0000000000000000E+0	0,0000000000000000E+0	0,0000000000000000E+0	0,0000000000000000E+0	0,0000000000000000E+0	0,0000000000000000E+0	0,0000000000000000E+0	0,0000000000000000E+0	0,0000000000000000E+0	0,0000000000000000E+0	0,0000000000000000E+0	0,0000000000000000E+0	0,0000000000000000E+0	0,0000000000000000E+0	0,0000000000000000E+0	0,0000000000000000E+0	0,0000000000000000E+0	0,0000000000000000E+0	0,0000000000000000E+0	0,0000000000000000E+0	0,0000000000000000E+0	0,0000000000000000E+0	
Delta_X	0,200000	0,200000	0,200000	0,200000	0,200000	0,200000	0,200000	0,200000	0,200000	0,200000	0,200000	0,200000	0,200000	0,200000	0,200000	0,200000	0,200000	0,200000	0,200000	0,200000	0,200000	0,200000	0,200000	0,200000	0,200000	0,200000	0,200000	0,200000	0,200000	0,200000	
***End_of_Header***																															
X_Value	PIT-A-0101	PIT-A-0301	PIT-M-0101	PIT-O-0301	PIT-W-0301	PDT-M-0101-40kPa	PDT-M-0101B-10kPa	PDT-M-0101C-3kPa	PIT-A-AUX	Model Pressure Drop	TIT-A-0101	TIT-A-0301	TIT-M-0101	TIT-O-0301	TIT-W-0301	LV-O-0X01	LV-W-0X01	LV-M-0X01	Densitometro	FT-A-0301	FT-A-0302	FT-A-0303	FT-A-0303 1	FT-O-0301	FT-O-0302	FT-O-0303	FT-W-0301	FT-W-0302	J Ar	J Água	Comment
0,000000	8,087401	8,098590	6,074583	0,406457	8,205466	-5194,766398	909,891521	-2989,144919	8,537287	934,395512	31,750062	28,757630	31,191089	28,987356	32,971399	-2,662613	1,202915	1,068219	211164,548700	37,961523	0,008022	-0,024864	0,000000	2,045505	-0,124315	-0,124312	13,860346	-0,008418	6,696596	1,776781
0,200000	8,083379	8,095155	6,076040	0,406880	8,206314	-5368,953645	909,952603	-2989,019443	8,539349	934,201188	31,750229	28,757625	31,187772	28,991223	32,974388	-2,662687	1,201220	1,065499	211452,928550	37,957211	0,007897	-0,024912	0,000000	2,046098	-0,124314	-0,124314	13,859567	-0,009285	6,691847	1,776569
0,400000	8,079585	8,091225	6,073946	0,407045	8,195445	-5604,754575	909,553888	-2989,133460	8,541463	935,016289	31,748054	28,758344	31,185584	28,994337	32,978296	-2,662636	1,199302	1,065635	211778,971933	37,953048	0,007740	-0,024780	0,000000	2,046300	-0,124315	-0,124317	13,867082	-0,009896	6,690133	1,777455
0,600000	8,075820	8,086908	6,066829	0,406694	8,178332	-5749,914859	909,172242	-2989,385586	8,543905	937,132315	31,744120	28,759430	31,191773	28,994142	32,979825	-2,662449	1,199584	1,065920	212038,078150	37,946486	0,007637	-0,024632	0,000000	2,046466	-0,124319	-0,124319	13,884847	-0,009749	6,692651	1,779753
0,800000	8,071742	8,083347	6,056299	0,406337	8,170972	-5775,712825	908,992637	-2989,480584	8,546590	937,800004	31,739215	28,759113	31,199343	28,992315	32,978279	-2,662478	1,200653	1,067289	212272,736142	37,939998	0,007623	-0,024561	0,000000	2,046922	-0,124321	-0,124320	13,889939	-0,009194	6,699054	1,780477
1,000000	8,067722	8,079848	6,056703	0,406684	8,173964	-5685,426696	908,946230	-2989,394657	8,549180	936,774591	31,737394	28,758047	31,196780	28,992194	32,974808	-2,662679	1,199008	1,068291	212543,288482	37,934405	0,007853	-0,024640	0,000000	2,046502	-0,124317	-0,124316	13,880925	-0,008855	6,695063	1,779364
1,200000	8,063955	8,074941	6,058908	0,407623	8,176609	-5507,347906	909,516952	-2989,226325	8,551624	937,135752	31,740803	28,759239	31,186118	28,990571	32,973513	-2,662786	1,194261	1,067349	212822,674578	37,928091	0,008142	-0,024865	0,000000	2,045585	-0,124315	-0,124316	13,884015	-0,008888	6,687964	1,779756
1,400000	8,059952	8,070709	6,046691	0,407577	8,178592	-5323,171401	910,296364	-2989,066916	8,554039	939,219109	31,743587	28,761171	31,177724	28,986610	32,977072	-2,662758	1,191382	1,067706	213150,666839	37,922656	0,008207	-0,025007	0,000000	2,045442	-0,124317	-0,124322	13,901756	-0,009011	6,695256	1,782016
1,600000	8,055849	8,068572	6,047759	0,406467	8,181853	-5225,916958	910,165331	-2989,013680	8,556499	941,659435	31,740437	28,760204	31,176947	28,984660	32,980916	-2,662677	1,195674	1,068333	213414,218837	37,919835	0,008022	-0,024939	0,000000	2,045783	-0,124321	-0,124324	13,922541	-0,009181	6,692167	1,784660
1,800000	8,052064	8,065332	6,048600	0,406230	8,174401	-5478,243358	909,361045	-2989,053758	8,558911	943,012711	31,732529	28,758071	31,179286	28,988034	32,980415	-2,662602	1,199687	1,068340	213632,897562	37,915009	0,007781	-0,024711	0,000000	2,045805	-0,124318	-0,124321	13,934165	-0,009383	6,688219	1,786126
2,000000	8,048419	8,060179	6,030554	0,407181	8,152372	-5997,187867	908,727629	-2989,179783	8,561178	943,039994	31,727607	28,757474	31,180059	28,994672	32,979276	-2,662459	1,197674	1,066544	213923,909652	37,905410	0,007858	-0,024499	0,000000	2,045585	-0,124312	-0,124318	13,934391	-0,009378	6,699930	1,786155
2,200000	8,044680	8,056152	6,023750	0,407890	8,130948	-6146,429034	908,564576	-2989,332159	8,563418	943,673466	31,731353	28,757856	31,178331	28,996945	32,978826	-2,662417	1,195417	1,064842	214181,977106	37,897221	0,008093	-0,024452	0,000000	2,045922	-0,124315	-0,124318	13,939615	-0,009258	6,701948	1,786841
2,400000	8,040712	8,053050	6,034469	0,407834	8,126826	-5843,190881	908,754424	-2989,435557	8,565733	945,671736	31,737275	28,757605	31,172620	28,992711	32,974572	-2,662703	1,197329	1,064333	214264,603293	37,893854	0,008062	-0,024369	0,000000	2,046531	-0,124322	-0,124318	13,956336	-0,009131	6,688705	1,789002
2,600000	8,036486	8,048817	6,031209	0,407299	8,137427	-5568,929885	909,049453	-2989,532776	8,568058	947,184168	31,738091	28,757733	31,169325	28,987940	32,969148	-2,662923	1,200287	1,066815	214252,114741	37,890456	0,007891	-0,024349	0,000000	2,046736	-0,124321	-0,124317	13,968909	-0,008962	6,687999	1,790636
2,800000	8,032477	8,044355	6,024680	0,406570	8,133988	-5510,336780	909,247751	-2989,585690	8,570177	946,479027	31,734851	28,759220	31,175792	28,986605	32,969289	-2,662754	1,199387	1,069637	214409,971580	37,884312	0,007773	-0,024551	0,000000	2,046593	-0,124318	-0,124317	13,962864	-0,008856	6,689943	1,789874
3,000000	8,028904	8,040597	6,026917	0,406402	8,117308	-5464,207563	909,143146	-2989,454502	8,572353	945,045888	31,731152	28,760153	31,178168	28,987030	32,975724	-2,662606	1,198005	1,068841	214732,380610	37,878959	0,007901	-0,024714	0,000000	2,046113	-0,124317	-0,124318	13,950750	-0,008821	6,684112	1,788325
3,200000	8,025460	8,037067	6,012742	0,407014	8,118486	-5469,496913	909,063740	-2989,223643	8,574909	945,542502	31,730073	28,759865	31,170476	28,988966	32,982414	-2,662647	1,199594	1,067405	214990,257694	37,876049	0,008224	-0,024927	0,000000	2,045788	-0,124316	-0,124322	13,954875	-0,008759	6,694345	1,788862
3,400000	8,021773	8,033398	5,982259	0,407343	8,124009	-5713,976602	909,303365	-2989,197368	8,577479	946,898012	31,730539	28,761020	31,166283	28,992298	32,983919	-2,662630	1,200692	1,066730	215159,499005	37,872968	0,008279	-0,025122	0,000000	2,046011	-0,124318	-0,124325	13,966189	-0,008652	6,720216	1,790327
3,600000	8,017646	8,028994	5,975639	0,407103	8,101663	-5884,915962	909,383056	-2989,361055	8,579766	947,312407	31,728190	28,762570	31,170320	28,993794	32,980062	-2,662589	1,199865	1,065221	215277,772546	37,868402	0,008072	-0,024931	0,000000	2,046435	-0,124321	-0,124325	13,969562	-0,008535	6,722562	1,790775
3,800000	8,013612	8,024591	6,001283	0,406981	8,075601	-5763,767661	908,935297	-2989,469652	8,581953	948,091148	31,724067	28,760767	31,176770	28,994287	32,974474	-2,662647	1,197394	1,064404	215362,076237	37,864151	0,007864	-0,024524	0,000000	2,046537	-0,124322	-0,124320	13,976010	-0,008426	6,694058	1,791616
4,000000	8,010034	8,021266	6,008815	0,407255	8,088299	-5565,133536	908,587808	-2989,486592	8,584332	950,062795	31,721581	28,758705	31,177899	28,993032	32,973033	-2,662793	1,194625	1,067034	215448,083711	37,861793	0,007777	-0,024505	0,000000	2,046112	-0,124322	-0,124316	13,992567	-0,008392	6,684040	1,793744
4,200000	8,006381	8,018311	6,004255	0,407327	8,112381	-5427,908179	908,880506	-2989,388684	8,586831	950,614634	31,722759	28,759595	31,171515	28,987995	32,976324	-2,662928	1,195147	1,069709	215588,649908	37,860238	0,007913	-0,024905	0,000000	2,045790	-0,124326	-0,124315	13,997422	-0,008607	6,685765	1,794339
4,400000	8,002271	8,014660	6,005811	0,406685	8,109359	-5344,552496	909,399554	-2989,239425	8,589203	948,652242	31,726434	28,760755	31,163205	28,984801	32,978452	-2,662943	1,197495	1,068432	215815,051134	37,857530	0,008140	-0,025125	0,000000	2,045779	-0,124327	-0,124315	13,981140	-0,008833	6,680876	1,792222
4,600000	7,998143	8,010171	5,998877	0,406233	8,111199	-5441,448414	909,544611	-2989,211818	8,591490	947,826703	31,727405	28,760833	31,159424	28,986898	32,976031	-2,662873	1,198635	1,065498	215984,183228	37,853795	0,008191	-0,025145	0,000000	2,045687	-0,124322	-0,124314	13,974172	-0,008815	6,683422	1,791330
4,800000	7,994416	8,006015	5,992990	0,406577	8,127290	-5661,503196	909,348023	-2989,320448	8,593948	949,653774	31,724094	28,761215	31,162624	28,990403	32,974472	-2,662738	1,198840	1,064791	216130,982386	37,852437	0,008134	-0,025047	0,000000	2,045896	-0,124319	-0,124315	13,989621	-0,008886	6,685790	1,793303
5,000000	7,990834	8,002895	5,994385	0,407130	8,116932	-5658,652685	909,059025	-2989,362969	8,596352	951,326882	31,719743	28,760334	31,167265	28,991510	32,978817	-2,662521	1,198357	1,065912	216351,372997	37,854367	0,008108	-0,024741	0,000000	2,046589	-0,124322	-0,124318	14,004111	-0,009307	6,682597	1,795107
5,200000	7,987135	7,999733	5,995212	0,407059	8,094359	-5593,619238	908,680169	-2989,331416	8,598579	952,444548	31,718246	28,758368	31,163797	28,990001	32,984513	-2,662440	1,197871	1,067867	216484,602061	37,855438	0,007959	-0,024446	0,000000	2,046975	-0,124325	-0,124320	14,013857	-0,009661	6,679609	1,796312
5,400000	7,983311	7,995367	5,983852	0,406490	8,096620	-5806,867064	908,438792	-2989,460427	8,601002	954,336806	31,719868	28,758344	31,160484	28,986818	32,985143	-2,662607	1,198555	1,067582	216511,884997	37,853530	0,007784	-0,024308	0,000000	2,046507	-0,124326	-0,124320	14,029456	-0,009367	6,686829	1,798351
5,600000	7,979414	7,991003	5,981546	0,406185	8,097457	-5984,191753	908,638829	-2989,543355	8,603505	956,642741	31,720679	28,758831	31,167470	28,984528	32,979224	-2,662697	1,200424	1,065077	216539,865308	37,852016	0,007798	-0,024351	0,000000	2,045687	-0,124325	-0,124317	14,048146	-0,008710	6,685667	1,800832
5,800000	7,975533	7,987850	6,005659	0,406033	8,081952	-5897,594907	908,966220	-2989,354720	8,605890	958,035488	31,718505	28,758280	31,171023	28,986275	32,972863	-2,662798	1,202078	1,065272	216647,657472	37,854555	0,007985	-0,024584	0,000000	2,045320	-0,124321	-0,124319	14,059416	-0,008303	6,660814	1,802330
6,000000	7,971714	7,984292	6,004961	0,406285	8,087462	-5961,405672	908,884871	-2989,184684	8,608213	957,217764	31,717087	28,758099	31,164258	28,989593	32,972236	-2,663057	1,202670	1,066186	216813,041237	37,858342	0,008092	-0,024783	0,000000	2,045543	-0,124317	-0,124321	14,052503	-0,008245	6,659356	1,801451
6,200000	7,968052	7,980311	5,972852	0,407036	8,100711	-6233,710316	908,720365	-2989,319676	8,610456	955,727270	31,717758	28,758965	31,158450	28,989745	32,974699	-2,663088	1,202448	1,064067	216904,058631	37,859401	0,007960	-0,024621	0,000000	2,046057	-0,124318	-0,124321	14,040324	-0,008567	6,687138	1,799847
6,400000	7,964471	7,976973	5,976395	0,406949	8,082446	-6212,827365	908,708559	-2989,609193	8,612683	956,192762	31,714491	28,759036	31,163074	28,988252	32,977030	-2,662881	1,201858	1,062836	216905,983903	37,859792	0,007904	-0,024419	0,000000	2,046312	-0,124322	-0,124319	14,044595	-0,008932	6,681417	1,800348
6,600000	7,960928	7,973253	5,985706	0,405941	8,070837	-6117,567590	908,180441	-2989,703795	8,615007	958,436695	31,707144	28,756637	31,171486	28,990204	32,977893	-2,662676	1,202006	1,067337	216923,830579	37,861748	0,008053	-0,024576	0,000000	2,046187	-0,124322	-0,124316	14,063392	-0,008918	6,670312	1,802761
6,800000	7,957512	7,969027	5,950878	0,405654	8,090693	-6438,953344	907,405110	-2989,617155	8,617424	960,065961	31,703523	28,754522	31,169575	28,994616	32,976044	-2,662697	1,203020	1,070175	217048,540826	37,864767	0,008153	-0,024756	0,000000	2,046022	-0,124320	-0,124317	14,076920	-0,008797	6,701165	1,804512
7,000000	7,954002	7,965181	5,942267	0,406350	8,084302	-6752,667252	907,628088	-2989,523110	8,619917	960,205488	31,707517	28,755953	31,161051	28,995525	32,974316	-2,662947	1,204553	1,065715	217247,120930	37,868468	0,008157	-0,024756	0,000000	2,045965	-0,124322	-0,124321	14,078237	-0,008947	6,707039	1,804662
7,200000	7,950224	7,961391	5,968935	0,406158	8,047931	-6886,467784	908,561639	-2989,498135	8,622467	959,909676	31,713746	28,758801	31,156476	28,991471	32,973851	-2,663059	1,206091	1,062863	217426,661000	37,872856	0,008144	-0,024661	0,000000	2,046069	-0,124325	-0,124321	14,076076	-0,009262	6,679108	1,804344
7,400000	7,946291	7,957651	5,955828	0,404854	8,043941	-7135,623719	908,735728	-2989,568824	8,625006	959,794068	31,714569	28,759435	31,157571	28,987575	32,972558	-2,662964	1,206820	1,065275	217534,408739	37,877444	0,008162	-0,024401	0,000000	2,045780	-0,124327	-0,124317	14,075019	-0,009173	6,689736	1,804220
7,600000	7,942383	7,954544	5,946337	0,404396	8,054380	-7211,762122	908,148727	-2989,576164	8,627539	959,846279	31,709740	28,758095	31,160751	28,987026	32,973750	-2,662930	1,206198	1,067833	217583,852497	37,881601	0,008174	-0,024385	0,000000	2,045299	-0,124325	-0,124315	14,075051	-0,008769	6,697399	1,804276
7,800000	7,938765	7,951173	5,971528	0,405121	8,040467	-6875,714045	907,904835	-2989,423279	8,629959	959,893743	31,704326	28,756750	31,160896	28,989029	32,979734	-2,663003	1,205074	1,068148	217599,316052	37,884483	0,008086	-0,024874	0,000000	2,045004	-0,124318	-0,124320	14,075271	-0,008590	6,671182	1,804327
8,000000	7,935377	7,947425	5,957043	0,405899	8,047541	-6542,689784	907,994802	-2989,292279	8,632352	959,905019	31,701433	28,755724	31,155651	28,991539	32,983237	-2,663092	1,205086	1,065912	217562,079366	37,886942	0,007959	-0,025273	0,000000	2,044813	-0,124315	-0,124325	14,075345	-0,008570	6,682629	1,804339
8,200000	7,931806	7,943956	5,936715	0,406236	8,074075	-6496,374572	908,321024	-2989,355360	8,634970	959,933247	31,701659	28,756128	31,150563	28,992006	32,980042	-2,663091	1,205674	1,063229	217618,654364	37,890635	0,007788	-0,025198	0,000000	2,045411	-0,124319	-0,124326	14,075330	-0,008319	6,700171	1,804369
8,400000	7,928078	7,940272	5,965719	0,406196	8,058022	-6398,904578	908,840594	-2989,620442	8,637564	959,996484	31,704521	28,759118	31,153398	28,990609	32,973943	-2,662902	1,205801	1,064073	217855,250793	37,894302	0,007616	-0,024896	0,000000	2,046174	-0,124321	-0,124325	14,075309	-0,007769	6,670113	1,804437
8,600000	7,924309	7,936414	5,983428	0,405796	8,033989	-6240,175058	908,871469	-2989,785975	8,639803	959,998754	31,704827	28,761776	31,159000	28,989224	32,969754	-2,662860	1,205399	1,065360	218040,713354	37,897977	0,007698	-0,024718	0,000000	2,046055	-0,124319	-0,124321	14,075305	-0,007745	6,651003	1,804440
8,800000	7,920571	7,932706	5,953455	0,404899	8,056688	-6335,866267	908,295891	-2989,660128	8,642028	959,025983	31,702342	28,760743	31,159662	28,988559	32,971051	-2,663030	1,205327	1,064856	218091,170744	37,903034	0,007941	-0,024648	0,000000	2,045561	-0,124318	-0,124314	14,067890	-0,008478	6,677871	1,803395
9,000000	7,917055	7,929134	5,936622	0,404377	8,067553	-6379,914102	908,131155	-2989,492363	8,644650	956,833105	31,703791	28,758091	31,157509	28,987020	32,977336	-2,663085	1,205460	1,065676	218115,008830	37,908676	0,008009	-0,024734	0,000000	2,045209	-0,124320	-0,124312	14,050316	-0,009283	6,692429	1,801037
9,200000	7,913651	7,925512	5,962948	0,405137	8,033962	-6085,376302	908,919795	-2989,438691	8,647246	955,304795	31,706450	28,758336	31,156380	28,986926	32,982378	-2,663018	1,204411	1,066806	218083,842217	37,913459	0,007977	-0,024946	0,000000	2,045240	-0,124323	-0,124317	14,037857	-0,009644	6,665183	1,799393
9,400000	7,910117	7,921968	5,968439	0,405996	8,031495	-5744,377487	909,413938	-2989,463976	8,649651	955,217164	31,705144	28,760553	31,157440	28,991654	32,981099	-2,662934	1,202866	1,066069	217977,279924	37,918050	0,008059	-0,024936	0,000000	2,045794	-0,124324	-0,124320	14,036694	-0,009217	6,658053	1,799298
9,600000	7,906466	7,919086	5,947534	0,406231	8,063250	-5563,545472	909,007981	-2989,521012	8,652175	955,532146	31,701168	28,761403	31,159803	28,995836	32,977189	-2,662854	1,201614	1,063917	217910,078303	37,923054	0,008134	-0,024670	0,000000	2,046231	-0,124322	-0,124321	14,038704	-0,008584	6,676872	1,799637
9,800000	7,903066	7,916082	5,944889	0,406601	8,055632	-5399,609988	908,542318	-2989,573940	8,654672	956,529574	31,696935	28,761378	31,160114	28,994502	32,977134	-2,662771	1,201111	1,062520	217962,402998	37,927076	0,008109	-0,024399	0,000000	2,046482	-0,124318	-0,124320	14,047092	-0,008604	6,677880	1,800711
10,000000	7,899745	7,911744	5,957670	0,406793	8,035339	-5261,677960	908,357683	-2989,583790	8,656982	958,587630	31,695905	28,760838	31,157760	28,989323	32,980108	-2,662746	1,201458	1,064526	218074,884711	37,930421	0,008066	-0,024377	0,000000	2,046827	-0,124322	-0,124319	14,064632	-0,008893	6,662890	1,802923
10,200000	7,896039	7,907631	5,955927	0,406237	8,049656	-5233,813840	908,265717	-2989,530263	8,659258	960,074164	31,698372	28,759246	31,155731	28,983854	32,978831	-2,662888	1,201522	1,067678	218138,559767	37,934805	0,007868	-0,024456	0,000000	2,046602	-0,124328	-0,124318	14,076889	-0,008698	6,662240	1,804521
10,400000	7,892220	7,904784	5,940879	0,405850	8,054602	-5145,971640	908,184867	-2989,448999	8,661603	960,274498	31,700285	28,757872	31,155593	28,982416	32,972884	-2,663153	1,201842	1,067331	218180,081405	37,940649	0,007703	-0,024476	0,000000	2,045647	-0,124325	-0,124315	14,077983	-0,008115	6,675626	1,804736
10,600000	7,888683	7,901527	5,939225	0,405796	8,030858	-5059,165925	908,014069	-2989,363951	8,664021	960,094308	31,699392	28,756443	31,156946	28,985728	32,970495	-2,663349	1,202298	1,065440	218297,987353	37,945882	0,007844	-0,024570	0,000000	2,044921	-0,124317	-0,124315	14,075988	-0,007628	6,675755	1,804542
10,800000	7,885377	7,897793	5,938740	0,405855	8,024108	-5147,657486	907,907019	-2989,370756	8,666501	960,840573	31,696977	28,756445	31,153797	28,989260	32,974852	-2,663396	1,202272	1,063633	218471,606223	37,948599	0,007905	-0,024657	0,000000	2,045295	-0,124314	-0,124319	14,082453	-0,007846	6,673823	1,805344
11,000000	7,881769	7,892616	5,930201	0,406367	8,034914	-5344,201011	908,165726	-2989,534761	8,668771	961,975458	31,696059	28,759809	31,148679	28,990136	32,980318	-2,663314	1,202111	1,062663	218586,476958	37,950777	0,007770	-0,024726	0,000000	2,046276	-0,124317	-0,124325	14,092650	-0,008546	6,678356	1,806562
11,200000	7,877946	7,885709	5,940359	0,407028	8,024090	-5582,327698	908,438912	-2989,732762	8,670932	961,353067	31,697346	28,762301	31,152157	28,988912	32,981601	-2,663126	1,201481	1,063300	218586,213262	37,955839	0,007751	-0,024778	0,000000	2,046599	-0,124320	-0,124328	14,087735	-0,008839	6,664285	1,805894
11,400000	7,874317	7,880902	5,964444	0,407000	8,023806	-5649,813308	908,335461	-2989,787109	8,673370	960,014581	31,696564	28,760978	31,159304	28,987761	32,979620	-2,662977	1,201034	1,064533	218547,147715	37,967279	0,007867	-0,024684	0,000000	2,046091	-0,124319	-0,124324	14,076505	-0,008813	6,639788	1,804457
11,600000	7,870271	7,878350	5,984963	0,406100	8,079603	-5494,331549	908,150341	-2989,590346	8,676024	959,646572	31,694154	28,758552	31,158009	28,989122	32,976818	-2,662946	1,201445	1,066640	218541,385858	37,983664	0,008009	-0,024630	0,000000	2,045615	-0,124317	-0,124320	14,073318	-0,008707	6,621226	1,804061
11,800000	7,865553	7,874489	6,004976	0,405866	8,136977	-5353,906723	908,685064	-2989,286876	8,678747	960,656428	31,695685	28,759793	31,149657	28,989837	32,975132	-2,662915	1,202286	1,066302	218540,878876	37,995794	0,008154	-0,024720	0,000000	2,045547	-0,124317	-0,124320	14,081756	-0,008690	6,601296	1,805146
12,000000	7,860750	7,869385	6,018947	0,406271	8,144046	-5295,868148	909,515811	-2989,165274	8,681321	962,844514	31,697948	28,763809	31,146790	28,986008	32,976474	-2,662871	1,203558	1,064642	218527,094733	38,000005	0,008197	-0,024816	0,000000	2,045800	-0,124321	-0,124319	14,100333	-0,008959	6,584914	1,807494
12,200000	7,856103	7,865291	6,037801	0,405676	8,143531	-5336,332820	909,480364	-2989,258234	8,683604	963,449631	31,694919	28,764417	31,150694	28,983405	32,978607	-2,662881	1,205576	1,065595	218555,890535	38,003691	0,008085	-0,024941	0,000000	2,046398	-0,124325	-0,124318	14,105545	-0,009112	6,564915	1,808143
12,400000	7,851652	7,861701	6,051618	0,404827	8,169088	-5488,506525	908,783408	-2989,418810	8,685900	961,486284	31,688674	28,761715	31,156542	28,987092	32,978778	-2,663027	1,208244	1,066333	218623,236081	38,011486	0,007991	-0,025012	0,000000	2,046606	-0,124323	-0,124320	14,088999	-0,008988	6,550902	1,806037
12,600000	7,847514	7,857124	6,054010	0,405066	8,185989	-5790,898708	908,029108	-2989,536145	8,688264	959,759429	31,685550	28,758566	31,160187	28,993058	32,979374	-2,663150	1,209921	1,064458	218713,506775	38,018844	0,008004	-0,024939	0,000000	2,046138	-0,124320	-0,124321	14,074447	-0,008892	6,546704	1,804183
12,800000	7,843340	7,852179	6,063601	0,405659	8,182750	-6064,665694	907,751556	-2989,507149	8,690664	960,390418	31,687481	28,755887	31,156998	28,995296	32,981544	-2,663064	1,210464	1,064282	218847,668937	38,024297	0,008102	-0,024797	0,000000	2,046197	-0,124317	-0,124322	14,079727	-0,008888	6,535068	1,804860
13,000000	7,839018	7,848063	6,087278	0,405837	8,193277	-6042,938482	908,141270	-2989,436709	8,693284	961,842968	31,691384	28,755800	31,152460	28,991221	32,980208	-2,662968	1,210568	1,066378	218917,896660	38,032493	0,008197	-0,024685	0,000000	2,046492	-0,124317	-0,124321	14,091945	-0,008949	6,511471	1,806420
13,200000	7,834713	7,844322	6,105895	0,405860	8,217985	-5955,033596	908,748582	-2989,447162	8,695694	961,343905	31,693024	28,758605	31,155330	28,984951	32,974765	-2,662998	1,209407	1,065355	218870,236084	38,042689	0,008208	-0,024724	0,000000	2,046168	-0,124318	-0,124317	14,088008	-0,009189	6,493372	1,805884
13,400000	7,830219	7,840615	6,095489	0,405970	8,231299	-5980,441738	909,057733	-2989,409045	8,697718	959,966898	31,690453	28,761624	31,164462	28,983185	32,972648	-2,663011	1,207356	1,063755	218805,797881	38,050780	0,008103	-0,024901	0,000000	2,045760	-0,124319	-0,124315	14,076744	-0,009451	6,501694	1,804405
13,600000	7,825803	7,837133	6,102675	0,406331	8,235633	-5942,721348	909,128769	-2989,260669	8,699852	959,557405	31,687171	28,762660	31,164119	28,985863	32,976649	-2,662946	1,205439	1,065618	218820,787882	38,057566	0,007962	-0,024995	0,000000	2,045369	-0,124321	-0,124313	14,073352	-0,009489	6,493669	1,803965
13,800000	7,821732	7,833060	6,124499	0,406749	8,246215	-5945,045409	908,999739	-2989,119268	8,702224	958,811290	31,687088	28,761460	31,153318	28,989079	32,982879	-2,662876	1,205822	1,067786	218913,414970	38,064655	0,008051	-0,024952	0,000000	2,045204	-0,124323	-0,124315	14,066888	-0,009274	6,471751	1,803164
14,000000	7,817646	7,828485	6,109871	0,407048	8,256712	-6148,080722	908,830914	-2989,128065	8,704804	956,879602	31,688833	28,760123	31,149653	28,990222	32,984576	-2,662776	1,208404	1,067035	218978,118673	38,072190	0,008286	-0,025002	0,000000	2,045611	-0,124323	-0,124320	14,050328	-0,008905	6,482956	1,801087
14,200000	7,813305	7,824540	6,101402	0,406799	8,245182	-6219,247511	908,831077	-2989,272873	8,707551	956,334468	31,687969	28,759742	31,156018	28,988896	32,980380	-2,662701	1,210013	1,066370	218923,610387	38,081798	0,008277	-0,025050	0,000000	2,046059	-0,124321	-0,124321	14,045475	-0,008624	6,489577	1,800501
14,400000	7,809218	7,820804	6,121805	0,406009	8,227884	-5998,389219	908,479265	-2989,426533	8,710145	958,268039	31,683958	28,759170	31,163586	28,988456	32,976920	-2,662680	1,209294	1,067010	218778,457031	38,093328	0,008060	-0,024884	0,000000	2,046246	-0,124320	-0,124319	14,061759	-0,008697	6,470343	1,802580
14,600000	7,805462	7,816521	6,122320	0,406111	8,241933	-5831,748284	908,040209	-2989,506787	8,712384	959,939437	31,680328	28,758308	31,166629	28,987412	32,977196	-2,662753	1,208149	1,066772	218723,477344	38,104122	0,008030	-0,024819	0,000000	2,046301	-0,124322	-0,124322	14,076144	-0,009081	6,468643	1,804376
14,800000	7,801476	7,812635	6,121494	0,406376	8,259502	-5844,265823	908,332363	-2989,441610	8,714597	960,144857	31,681173	28,758314	31,162687	28,982408	32,980115	-2,662845	1,208156	1,065874	218889,306995	38,114392	0,008222	-0,024968	0,000000	2,045972	-0,124324	-0,124325	14,078271	-0,009488	6,468194	1,804596
15,000000	7,797494	7,808949	6,141205	0,405606	8,251790	-5822,824507	908,975029	-2989,267296	8,716998	958,999516	31,686292	28,759852	31,155986	28,979667	32,982649	-2,662774	1,207050	1,064734	219135,131993	38,125794	0,008374	-0,025090	0,000000	2,045445	-0,124323	-0,124321	14,068823	-0,009632	6,449358	1,803366
15,200000	7,793658	7,805050	6,136940	0,405372	8,256984	-5767,185643	909,123403	-2989,146631	8,719499	956,774942	31,688884	28,760859	31,153524	28,984110	32,981086	-2,662722	1,205442	1,062795	219198,098980	38,138270	0,008442	-0,025070	0,000000	2,045313	-0,124319	-0,124315	14,050080	-0,009535	6,452392	1,800974
15,400000	7,789589	7,800969	6,114298	0,406293	8,274797	-5752,522070	908,772576	-2989,111748	8,721957	955,268258	31,684629	28,760343	31,154244	28,992198	32,979809	-2,662721	1,205192	1,062801	219132,253575	38,150995	0,008351	-0,024964	0,000000	2,045680	-0,124315	-0,124315	14,037587	-0,009681	6,472140	1,799353
15,600000	7,785241	7,796348	6,107233	0,406983	8,256318	-5672,434920	908,731495	-2989,095086	8,724127	955,107094	31,678408	28,759824	31,153980	28,997716	32,983396	-2,662642	1,205587	1,066316	219145,411417	38,163166	0,008062	-0,024952	0,000000	2,046473	-0,124314	-0,124318	14,036641	-0,010087	6,477247	1,799180
15,800000	7,781117	7,792318	6,113360	0,406784	8,223228	-5589,346808	909,069626	-2989,194389	8,726367	956,219982	31,676383	28,759746	31,151774	28,995721	32,986331	-2,662642	1,206173	1,067064	219150,470917	38,175752	0,007828	-0,024919	0,000000	2,046824	-0,124319	-0,124319	14,046155	-0,010264	6,470775	1,800377
16,000000	7,777617	7,788826	6,106601	0,406674	8,229517	-5590,387633	909,216264	-2989,401395	8,729087	958,455315	31,677177	28,759624	31,153431	28,988308	32,984866	-2,662713	1,204222	1,065464	219086,111659	38,190082	0,007877	-0,024954	0,000000	2,046312	-0,124324	-0,124319	14,064690	-0,010059	6,476831	1,802781
16,200000	7,774209	7,784925	6,092637	0,406827	8,244428	-5748,268680	909,032048	-2989,542158	8,731725	959,120580	31,677427	28,759534	31,160274	28,983636	32,980475	-2,662615	1,201244	1,064859	219045,502071	38,204869	0,008186	-0,025130	0,000000	2,045575	-0,124324	-0,124318	14,069676	-0,009472	6,489379	1,803496
16,400000	7,770194	7,780756	6,088440	0,406215	8,227487	-6013,315789	908,651608	-2989,530075	8,733791	957,222558	31,676009	28,760050	31,159884	28,984915	32,975397	-2,662578	1,201306	1,064601	219049,667240	38,218783	0,008498	-0,025077	0,000000	2,044908	-0,124322	-0,124313	14,053055	-0,008757	6,492484	1,801456
16,600000	7,765751	7,775830	6,090308	0,405630	8,212754	-6067,013754	908,513659	-2989,366829	8,735688	955,511854	31,673950	28,760219	31,151165	28,988193	32,973150	-2,662900	1,203124	1,065663	219094,375871	38,233174	0,008594	-0,024909	0,000000	2,045024	-0,124321	-0,124309	14,038519	-0,008569	6,489370	1,799615
16,800000	7,761328	7,769548	6,096920	0,405832	8,221542	-5877,038172	908,828135	-2989,282012	8,738088	954,330931	31,673460	28,760117	31,146927	28,988308	32,975240	-2,663060	1,205025	1,065153	219191,739638	38,249989	0,008432	-0,024844	0,000000	2,045973	-0,124322	-0,124314	14,028985	-0,008946	6,481423	1,798344
17,000000	7,756968	7,763554	6,101774	0,405740	8,234335	-5623,721326	909,112989	-2989,364512	8,740774	953,334432	31,672442	28,760712	31,150316	28,985570	32,978790	-2,662800	1,206181	1,063715	219299,971290	38,271147	0,008180	-0,024661	0,000000	2,046497	-0,124322	-0,124321	14,020891	-0,009219	6,476189	1,797271
17,200000	7,752707	7,759594	6,125227	0,405640	8,252861	-5453,946234	908,850726	-2989,361508	8,743167	954,091264	31,668576	28,759627	31,156618	28,986803	32,980248	-2,662553	1,206525	1,064723	219387,658103	38,296305	0,008073	-0,024320	0,000000	2,046107	-0,124321	-0,124320	14,027185	-0,009157	6,456314	1,798086
17,400000	7,748303	7,755838	6,159539	0,406473	8,289170	-5444,106574	908,617127	-2989,332137	8,745446	955,451613	31,665710	28,758032	31,159113	28,992062	32,979946	-2,662575	1,206480	1,065569	219477,805821	38,320889	0,008123	-0,024179	0,000000	2,045604	-0,124316	-0,124318	14,038512	-0,009067	6,426771	1,799551
17,600000	7,743492	7,751136	6,169964	0,407496	8,323873	-5559,983685	909,320889	-2989,356568	8,747825	955,795905	31,667843	28,759896	31,154686	28,993003	32,979330	-2,662728	1,206800	1,064869	219571,620716	38,341622	0,008280	-0,024304	0,000000	2,045877	-0,124313	-0,124320	14,041466	-0,009132	6,417292	1,799921
17,800000	7,738342	7,746497	6,175789	0,407646	8,335925	-5625,822873	910,442868	-2989,266881	8,750173	955,654643	31,671926	28,762104	31,150850	28,987619	32,978163	-2,662724	1,207277	1,064815	219630,912454	38,360036	0,008555	-0,024534	0,000000	2,046700	-0,124321	-0,124318	14,040339	-0,009191	6,411615	1,799769
18,000000	7,733235	7,741672	6,200163	0,406891	8,343464	-5512,279164	910,861296	-2989,142000	8,752559	955,558936	31,672521	28,761523	31,153770	28,982854	32,976563	-2,662606	1,206839	1,065034	219576,261451	38,379462	0,008789	-0,024678	0,000000	2,046774	-0,124326	-0,124311	14,039345	-0,008999	6,389650	1,799666
18,200000	7,728693	7,736902	6,221442	0,406178	8,360535	-5458,001028	910,378615	-2989,145030	8,755145	955,550998	31,667829	28,760026	31,159170	28,983209	32,977925	-2,662524	1,207483	1,065541	219488,343990	38,401424	0,008776	-0,024612	0,000000	2,046052	-0,124319	-0,124310	14,039198	-0,008919	6,371097	1,799658
18,400000	7,724309	7,732470	6,228312	0,406226	8,375016	-5492,946592	909,476829	-2989,195950	8,757570	955,506490	31,660544	28,758489	31,162759	28,986423	32,984045	-2,662518	1,209697	1,066428	219512,547646	38,425415	0,008572	-0,024561	0,000000	2,045893	-0,124312	-0,124314	14,039338	-0,009433	6,365880	1,799610
18,600000	7,719711	7,728482	6,235200	0,406561	8,385227	-5375,924639	908,988089	-2989,156346	8,759661	955,468627	31,657869	28,758192	31,159625	28,989378	32,989276	-2,662639	1,211669	1,067161	219583,346958	38,449760	0,008415	-0,024594	0,000000	2,046302	-0,124311	-0,124317	14,039419	-0,009831	6,360865	1,799569
18,800000	7,715127	7,724616	6,235733	0,406971	8,403329	-5243,350351	909,059595	-2989,102936	8,761863	955,507694	31,661489	28,759902	31,153294	28,990375	32,987429	-2,662731	1,212349	1,067734	219600,707407	38,472956	0,008394	-0,024842	0,000000	2,046701	-0,124316	-0,124315	14,039421	-0,009505	6,361237	1,799611
19,000000	7,710477	7,719632	6,241100	0,407674	8,419685	-5322,956391	909,219965	-2989,168560	8,764305	955,571696	31,665271	28,760972	31,156190	28,988702	32,980630	-2,662537	1,211799	1,067242	219574,334351	38,495544	0,008316	-0,025159	0,000000	2,046851	-0,124321	-0,124313	14,039406	-0,008954	6,356643	1,799680
19,200000	7,705619	7,714234	6,258328	0,407927	8,411719	-5528,194161	909,519090	-2989,229372	8,766714	955,603437	31,664437	28,761238	31,161398	28,986343	32,976758	-2,662230	1,211707	1,065045	219587,008653	38,519611	0,008317	-0,025113	0,000000	2,046596	-0,124324	-0,124313	14,039400	-0,008681	6,341662	1,799714
19,400000	7,700894	7,709694	6,258197	0,407234	8,401047	-5737,417498	909,782327	-2989,156685	8,768882	955,592596	31,661683	28,761440	31,158455	28,984957	32,978574	-2,662233	1,212445	1,063742	219660,629842	38,547109	0,008573	-0,024942	0,000000	2,046256	-0,124322	-0,124313	14,039401	-0,008773	6,342923	1,799702
19,600000	7,696673	7,706122	6,247587	0,406893	8,411068	-5914,434225	909,683813	-2989,124781	8,770924	954,694914	31,661934	28,761347	31,152417	28,984486	32,982338	-2,662528	1,212984	1,065276	219717,507220	38,576855	0,008696	-0,024852	0,000000	2,046028	-0,124316	-0,124311	14,031985	-0,008890	6,354387	1,798736
19,800000	7,692429	7,700312	6,252155	0,407287	8,418850	-5898,612982	909,612775	-2989,183322	8,773097	952,618147	31,663127	28,762125	31,151810	28,985940	32,983841	-2,662772	1,211139	1,064685	219762,632453	38,605088	0,008471	-0,024775	0,000000	2,046051	-0,124314	-0,124309	14,014410	-0,008755	6,350746	1,796499
20,000000	7,687580	7,689560	6,266996	0,407342	8,420838	-5751,849685	909,735342	-2989,189692	8,775505	950,279902	31,661977	28,763716	31,156681	28,990295	32,982323	-2,662829	1,209434	1,063907	219829,686255	38,632721	0,008241	-0,024638	0,000000	2,046397	-0,124317	-0,124307	13,994533	-0,008532	6,334505	1,793978
20,200000	7,681999	7,678380	6,288613	0,407542	8,454720	-5733,942378	909,462655	-2989,223602	8,778082	948,053986	31,657514	28,764541	31,160738	28,994615	32,980692	-2,662696	1,211943	1,064663	219942,968197	38,669114	0,008291	-0,024488	0,000000	2,046565	-0,124320	-0,124311	13,975795	-0,008524	6,313552	1,791576
20,400000	7,675686	7,671225	6,334957	0,408025	8,539026	-5809,561585	908,830541	-2989,313518	8,780739	946,790570	31,652939	28,763239	31,162690	28,992816	32,981578	-2,662409	1,213905	1,063094	220108,343401	38,721750	0,008454	-0,024686	0,000000	2,046615	-0,124316	-0,124318	13,965346	-0,008714	6,277011	1,790211
20,600000	7,668911	7,666606	6,400247	0,407710	8,633104	-5952,932760	908,909409	-2989,290979	8,783171	946,754089	31,653168	28,761230	31,162788	28,985738	32,983483	-2,662198	1,213114	1,062775	220210,845793	38,781327	0,008521	-0,025084	0,000000	2,047122	-0,124313	-0,124316	13,965154	-0,008829	6,227825	1,790172
20,800000	7,662017	7,661370	6,460923	0,406845	8,691726	-6322,076444	909,464365	-2989,185167	8,785507	947,009053	31,656691	28,760184	31,161979	28,980525	32,982612	-2,662155	1,213127	1,064952	220143,572643	38,830855	0,008534	-0,025151	0,000000	2,046988	-0,124313	-0,124309	13,967129	-0,008657	6,181238	1,790447
21,000000	7,655353	7,655627	6,500579	0,406513	8,724709	-6706,980313	909,767378	-2989,142644	8,788092	948,027140	31,658292	28,760688	31,162459	28,980576	32,979123	-2,662132	1,214071	1,066693	219994,429769	38,868546	0,008596	-0,024892	0,000000	2,045825	-0,124312	-0,124305	13,975314	-0,008269	6,150378	1,791547
21,200000	7,649014	7,651402	6,526820	0,407312	8,757033	-6602,342030	910,291864	-2989,001408	8,790518	949,250074	31,656916	28,762897	31,165146	28,984487	32,978763	-2,662143	1,213811	1,067815	219933,993477	38,904799	0,008750	-0,024691	0,000000	2,045506	-0,124308	-0,124306	13,985369	-0,008031	6,131623	1,792867
21,400000	7,643037	7,647359	6,572744	0,408827	8,790369	-6171,425916	911,016902	-2988,748072	8,792786	948,597980	31,655373	28,764323	31,162634	28,988790	32,984162	-2,662141	1,213231	1,067850	219940,965386	38,944323	0,008838	-0,024587	0,000000	2,046174	-0,124304	-0,124310	13,980064	-0,008214	6,097626	1,792163
21,600000	7,637531	7,642150	6,611288	0,409747	8,826566	-5923,177144	911,318759	-2988,686978	8,795236	947,199296	31,654944	28,763438	31,153910	28,989969	32,989958	-2,661921	1,213737	1,065812	219961,647255	38,984306	0,008747	-0,024438	0,000000	2,046739	-0,124305	-0,124313	13,968718	-0,008644	6,069096	1,790652
21,800000	7,632069	7,637225	6,624088	0,409540	8,862631	-5916,531127	911,106530	-2988,810746	8,797777	946,806576	31,655026	28,761791	31,155936	28,987657	32,991853	-2,661597	1,213575	1,063581	220036,986842	39,024048	0,008502	-0,024249	0,000000	2,047087	-0,124311	-0,124316	13,965564	-0,008797	6,061676	1,790228
22,000000	7,626383	7,631807	6,628670	0,408462	8,882452	-6068,602343	910,763944	-2988,922057	8,800128	946,086744	31,653029	28,761370	31,163509	28,986133	32,989979	-2,661457	1,212171	1,062693	220135,130643	39,066531	0,008276	-0,024247	0,000000	2,047009	-0,124314	-0,124314	13,959203	-0,008501	6,060974	1,789450
22,200000	7,620715	7,625064	6,615250	0,407452	8,890422	-6240,324988	910,576669	-2988,913769	8,802264	945,044654	31,650948	28,762026	31,159555	28,987277	32,985918	-2,661620	1,211162	1,064008	220210,192187	39,111990	0,008417	-0,024548	0,000000	2,046392	-0,124311	-0,124311	13,950053	-0,008133	6,073887	1,788324
22,400000	7,615233	7,620358	6,614602	0,407502	8,889960	-6306,642050	910,840522	-2988,785309	8,804485	945,674168	31,653855	28,763004	31,152159	28,986984	32,983069	-2,661949	1,212177	1,066776	220270,538969	39,161042	0,008726	-0,024728	0,000000	2,045710	-0,124311	-0,124310	13,955334	-0,008109	6,078527	1,789004
22,600000	7,610122	7,616151	6,635237	0,407931	8,882562	-6331,661745	911,262960	-2988,694011	8,806832	946,086608	31,656821	28,764199	31,152530	28,983819	32,984060	-2,662146	1,213747	1,068053	220291,747730	39,214411	0,008842	-0,024604	0,000000	2,045629	-0,124316	-0,124307	13,959078	-0,008377	6,067345	1,789450
22,800000	7,605149	7,606137	6,639919	0,407634	8,882619	-6347,256523	911,053955	-2988,771737	8,809176	944,357379	31,653340	28,764880	31,158249	28,983030	32,986354	-2,662111	1,212980	1,067200	220226,531179	39,267494	0,008785	-0,024484	0,000000	2,046368	-0,124319	-0,124304	13,944592	-0,008468	6,064858	1,787580
23,000000	7,599640	7,593130	6,640448	0,406731	8,888634	-6261,937462	910,440272	-2988,872109	8,811552	943,660462	31,647005	28,764235	31,164365	28,987933	32,988219	-2,662041	1,211582	1,064169	220086,777420	39,323929	0,008620	-0,024480	0,000000	2,046939	-0,124314	-0,124306	13,938506	-0,008260	6,064092	1,786827
23,200000	7,593353	7,584378	6,677996	0,406465	8,926550	-6100,702638	910,164102	-2988,785028	8,814054	944,620394	31,644563	28,762161	31,168490	28,993570	32,992266	-2,661966	1,209035	1,064437	220048,223941	39,395542	0,008512	-0,024345	0,000000	2,046569	-0,124306	-0,124313	13,946511	-0,008169	6,039329	1,787865
23,400000	7,586240	7,579827	6,738686	0,407125	9,020433	-6089,761855	910,344609	-2988,532477	8,816497	944,232947	31,646807	28,760644	31,167707	28,994299	32,996409	-2,661671	1,204450	1,067608	220184,454462	39,479353	0,008565	-0,024161	0,000000	2,046525	-0,124302	-0,124314	13,943244	-0,008168	6,001453	1,787446
23,600000	7,578472	7,575447	6,786282	0,407811	9,103024	-6319,390597	910,839174	-2988,354441	8,818896	943,087938	31,650096	28,760481	31,160484	28,990776	32,994188	-2,661289	1,204966	1,066903	220280,096563	39,557687	0,008471	-0,024099	0,000000	2,047009	-0,124305	-0,124309	13,933052	-0,007635	5,973337	1,786207
23,800000	7,571094	7,570184	6,820956	0,407948	9,120312	-6616,671717	911,320779	-2988,491966	8,821418	943,694194	31,650704	28,760283	31,159109	28,986962	32,986941	-2,661148	1,210797	1,066883	220288,871600	39,621325	0,008349	-0,024009	0,000000	2,046974	-0,124311	-0,124307	13,937342	-0,006811	5,952686	1,786863
24,000000	7,564779	7,565467	6,834740	0,407933	9,122021	-6764,152734	911,408628	-2988,793822	8,823898	944,976349	31,647755	28,759762	31,169988	28,985860	32,983535	-2,661140	1,215252	1,067983	220316,455023	39,678805	0,008710	-0,024032	0,000000	2,046911	-0,124314	-0,124306	13,948341	-0,006997	5,947759	1,788250
